010001001000111001110101010001111
101101110110111101111101000001111
010111001011110100100001001011000
011011101000011111000001101101011
001100110101010111010100011101101
111100111110100110001010101010110
010111000100011110100101111011110
010011000101000110000110001100111
101101000100110101100111101001011
010011111011000111100101010010111
011001000100000000101000011001011
001010010100011011110010001011000
111001001000000011100000011110111
111110101001000110000110110110001
110100100001000110011010010100000
011111111100011011001100000011101
000111110101111100101010001000111
110110001101100100100001010011100
111000101111100011011000111101111
110010000001001000101000000001111
010001000010001110110000111001110
110010111100010100000001101110010
000001011001011010000001111010001
111100101100000001000110101001100
000101101000010000101111010001000
100010100110111001101010101100101
001111111011100010101111010011111
000110010000111000100100010000110
001001100101110101000110001000001
111110101011000101111001101000010
110011110100100111111001011100011
110101111110100010111100001101100
110110011110110110110010011010100
