010001001000111001110101
101101110110111101111101
010111001011110100100001
011011101000011111000001
001100110101010111010100
111100111110100110001010
010111000100011110100101
010011000101000110000110
101101000100110101100111
010011111011000111100101
011001000100000000101000
001010010100011011110010
111001001000000011100000
111110101001000110000110
110100100001000110011010
011111111100011011001100
000111110101111100101010
110110001101100100100001
111000101111100011011000
110010000001001000101000
010001000010001110110000
110010111100010100000001
000001011001011010000001
111100101100000001000110
