0101110010010000010011011111011110110011101011010011011101010100011101001001011010101111111101011111001111100000100101111011011011010
1001111011001011110101011110100111010110011011111011011000101111110010001111000110010001101000010100111110001100011011010010110010001
0000010011111010110110010101101100001000110011010111110010011100110100110110100110110001001001111001001010010110100000010110100101100
1100001110001001101001000011101110010111100011101010111001000111001111001001000110100101100011001101101110101010111001101000110001011
1100001001001101001010001100101100111010010101100100000001101001011010110100001010110011011110001101010010010011000000010101111011101
1110001010010010110110101011110001000001001000000100011010011111010000001011010100001111100000010010000111110101011111001010111000001
0101110001011101001110100001100100111100010000110000011000000010100101100100011000001000011001001101101010100100010100000001110110111
0001000010001101100000011000011110000100100001000001101100101001101100001110000101100011100101111110100110010001100110111111110111001
1111010101010101111001000000111010000001001000101100100011001010101110001011000100011010001010011000001110011010101011001010000011010
0110101010110000010000010001111101100001101100000100000111100000011010000011001110010100101010010011010111011001000101000111111011101
0010000001001111110011000010000100101000000001011011010101101110100000000111011111010101011001111011100101010001000111001100001111111
1010011011001101011011111001001000111010000000101101001100011000010110110111011000100001110111000100111010110010010010100100110010010
0111101100110100110010001000011111010001100110110000001111011000010100011000001001111110011110011101001110011101111001000110111110100
0000101110111001001011111101000000001000001110010101101100101000110011100110000011110010011001010011111010101100110101011101101001010
0110010000100000101011010010110101000110111100110001010101001100100010000010000010110001011111000010000010000010011110111101011010000
0101101110110100001010000010101000100001110100001010101100011010101101100001011111000010001111111101001000100000010100011000000111011
0111010110101010000011101001101100100010111011111100011000010010100101100010110101010101101010000100011001100101001010000110111011010
1110010011111000000011100011101001100011110100000011110011010010000110111001100011111100000110100101010111000011111001000101000010101
0001101010010111000110101000111101111001101101011101010001100100000011001111101101110011001001110001000100011101101100111100010011101
0110011000000000001000110100001110111101010110001011100000101000000101000100101110011101111100000101110011000101100001000011010100101
1010111000111111111000000100100001010110101000101110100100000000111101110111000101111110101001001010001001111111100101111110010010000
1101000010110110110000011111101010110100010010101111111001000100001000111101000100010101110111111000010011000101011101001011100000110
0000011000010100111100000011100100111001101111111011001100011000101000100011101101110011000001101101000100111010010011110101010000000
1110000101010110000101001011110011101111010100111001111100000110100001100101101011111010001000011011001101111100001001011110101100111
1100110100011100101001010100110100111001010101011101010100000000100110001110101110001100001110001001000100001001000000000110110110000
1110100000000100000111001000101111001101000110000000000010001001110100010101001110110100001101111000101001001110000111110111001011000
1101010000100011010001110000010100000111110000011111010010101100101011100101110100100110000011100111001110110011101110111101000000100
1011011001010100110001110000101000010011101000101010101011111000101111101010011011111100111101011001100011010101011111000000100110101
0111111011000011111011111101011001011100011111000110111101101010110110010001001001000011110000011001100011010100100110110001010010101
1000010111001010001000011010100110100110111101111010010000010100110000111100101010111011000110010101101100111101111000001110101111011
1011100111011001111101000101100001000101001010100111101011110010001011100111110010110001000101001110110011110100110110010001011101110
1111101101101010101100101110010001011000110011101110110110100101000100001110110101001111011100010111101001011100011000101111100111110
1101000110001000000101010100010001001010111110101110110101110111100100101001111000101000101010100010011110001101110010101001001000101
0100010001001010011010010100101110101001101011000101010010010011000101010011001101010111000000001110010110000111001001011110101011100
1000101001110001111101111000010001011011101110010111100000011111111100000101010111111010111111110100110100100110100011000101010000110
1101101000011000001111101001100100100100010100100101000001110100011011001010101010000111000000000010011011111000010011100100000110001
0010101000110100001100111100100111100010010110111010101101010101010010100011111111110000001010010110000001111100010010011111000101000
0101001100000010000111010110111000010001100011101100011001010011001010001000110100011010000001010010010001010101000111110111001010110
1101100000010010110010010011010010101000010101101110100110100010111111100011110011101110010011100100011101101000010001100010111001001
1001010011001001011100111111001001100100011111111010101111110000100101110011010111000110100001100100011010110011011011110110000100110
1011000101001011111010100011010111100100010111101011100011111111100111111111011110011110111010110011001010011010100011010000011101101
0110101000000011110101011010110110011011100111010101111100001101101010100100110011101001111100010100000100000001001110110000011011011
1100010011000110101010100001111011100001000100000001001011000111111011001111110111101110000000111101110010101111100111111001011001101
0000100001001111011100111100110010111011111010011011101001100111111010111101101000100000010010001011001001010110010000010111111111100
1111000000001100100101100100101111101101110101111000001110101110111000010100000111001010110001110010101010001111110010000111110001001
1111100100100000101000101000110101000111110010010101000111010101100011100100000100100011100100101100111110110000100010101100100111001
0101101010011010100011110001011110011111100010000110110100000110011110111111100110011111111001010100010111100110111101111001101111100
1110001000101110101000111010010000101001010111001010111100001100101001010000010011000111100100001111011111101011100100111001111111000
0101000010110001101111111011010110001111100110010101110100011010101110111001010011000011011000000000011010000100111111011101010100100
0010110011010100101011001010101111110110010001101000001010011011110011011111100110010001010111110011001110110101100100111111110001110
1111000000100001010111100011111110101011100100110000001100100101000101111000011011101000100001111000110011011000110100000101111111000
1110000100110110011101111010001001110000111101001000000100101110100001010100101010100000000111111110111101000010001111100010001000100
0011000110000101010111010001101110101011110100111000001101101011111010000010000011011101110001111011010100001010100111001111011100111
1111011000100010111001011010110111000100010000111000000011000000100111101101001111101100101011010000100001010110001011000111101000000
1101011100011101100001110001101000001101011110010110100100011101000000111111001000110111011100100000010011111110110000110111100011000
1000000101111111000010111000100110001011010011111011101000011011101011101101001011100000000011101011011000010001101110011001011010011
0010010011001000010000000111001101000011101011000100010001010110011011101110011011110001111010011101100100000001001101011101101000010
1001100011101010011001000001101010011101101101000000110010110110000011010011110110101001010101011001010011010001011001100001101110000
0100100101100100001100000011101110010011100110000011100001000000111010100110111011001101011011111001111000000001110100010010111101101
1010010000011001110000100001011011111101100001001100001111001000001000111100001011001010010100111110111111101000000001011011100101100
0110110110111111000100100111100000100000110010011101101100010000111101110111111010101011100100000011100000110001111111101111110100001
1111010000100010001001010010010110111000111111110011001011000011010001010000010110101011010100001110011101011011110111000110110101110
0101011010100001110000010000101011100110101110101101100111000100100001101000011101110111000001100010111111000001010100100010101101010
0101110100000000000000000100000111101100111101000110101100000100111100000101101111101000101000001011111011110110101010110111000110100
0110001110100111100010111111110010100011111111011101110100101011010000011100111101001111100100101100011001110011000100110000111011100
1110110001011100000010000100110000111010001110100100100010101101100100000001100001000001000111010111000101010111100010011101010101111
1001100111000001000011100011001000110110011110111000100110111001000010101111110011001100101011011001110001000000001110100001011110001
1011001110011001110110001101100111100011100000101010010000001001010001000111000001010000001100111100110111110010101011011001001111100
0101100011010110011000001011101000011110111101101100110111100000001000101001001010010110110101111111000100001110110101001110110000001
1001001000000101101110010011001001010011101001010111010111001110000100101110111101101001111100001110000101110010111111001110001111011
0010101000010101110011110011011010001011110101101010011110111010001011010101110011110111000010001000001101111000000100101010011100110
0010100000011000010011000100110001000001100110111111001001011100100000101111000110011000001111100110101010010011110101100110001111110
1101010110001000011001001001010110010100101100101110011110010010101011010001110010101001100111111001110101010111001001010001111110101
0110101100110100001111011110011100100000111111100101011110111001101101110000110001000111000110000101001100100110000100010111010001001
0110010111110110101010101001001101011011101000100100101011101000001101010000111100010110001010100001000110000100011100111111001111100
1101010011110001011011110110101011101011101100101100011101001001011110111000001010011111110111010101001011100001100000010011100001011
0010000000000000111100111010011110011110011100100101000001101001111001101110001111100010110011111101101000110000110011001100100010010
1000011000110001100000000011001110101111111000011010000011101110101001101110001010001111011110111000100110101110100101011110110100100
1000101001111001001100111101110011011000100100000011011110111011100011000011110010000111100100011100111110010000011001111001110010011
0111010111100001101111101110000101101101101011100100010001000111100001010010100000101111111010110000001101000110000010011000111001001
1111100001100111010100011101011000111011111010111111110111111101001010111001111000001100110100111011110000110110001010001101000111000
0000000100101101111010110001100101101011011010011010110110110011111101100100100000111010011101110111110001100100000110101111001000110
1011100100011110011010110111011010101010011101000011011111001111000001101000100101011101000100110101011011101100100111110100110010111
0110100011101110111111110101011001101100100000100100101010000010000110110011000001100111101010010010001110011100001111100100001110010
1000011010001000010110011001010110100110111010100010110001111101101001011001010111100010101000100110111110010111101000110000111100111
1001010001101000110111001111000101010011101000110000111000100010101010100111011110110010110011101010110101011100010101111011010110111
1000110110001101001010110010110101110111101011111000001000011110100010100111111101011101111100011110011111010000000010110001110011110
1111110100110010101101100000111101010000010001111100101011101110110001101101011100110010011111110011011010110111100101101001001000110
1101010101010000100111000001100010100001110011110010110010001001101011001001101110011110011110001110011110011001010000011110111111111
1000101000111110000101000001100100100010110110101100101011110100000011000001110111000111101000100101110001011011111011001000101111110
1110101011101111101110011101000110101000110000101000011010100001001101010010010101011011110001111010111110001000100000010010001100001
1000100100011011010101001101011100100000010001010101001001011100110111011101011011100011100000101110100011110110010001000011100110110
0001100011011011110001001010010010101010100100000101010110100000011000111111110100010101100001011111101101110000111100001101000101100
1011001100110111001011100111001000100111000010100111110101100010011010011001100001000101001010001101110100000010111000010001110111111
0010000100100001011001100110000010100011101011000111101100110010100110011010110111101101011100010011100010110110111110001001110000101
1110010111101101001001010101110100101100111010100111110011110000011110001001111111110011001010100101011000111001011110100100001111100
1011101110101001000011111101101001000000001101010011100111110101101111101000111010000110101111000000001000100010011111110110000011110
1101101100011001110100100010011101101011011001110001000010010100110111010101101001101010110111010011011010111110110011000100111110101
1000010101100110000010010010001111011100100110010101100100011111010011010000000011011111101110100101010110001110001101111100000111001
1011101001101101011100111011110100000000101100010100100111101001011010001111100011100001010011110110110110100000100000001110100000011
0101001100110100000100000101111100100000001011000011010010111011001100011000111011001100011111100001000101111111011011011001101111101
0100100001010100110101000000001011110111001001111011101101110111101100001000001011101111111001010111001010000000010101101101110110001
1111001010011101100010010110010110010011100111011101000100110111100000110101101100111011101010011100010110110011111110100011010101010
1101010111101000011000111010010011100010010001110101100010010110010111101110011100011110101011000011101000000100010001101010110101100
1111111111011110010101000011101011010001101011111110001001010011000100010011011000111011101100100111011001010011011111000101000010000
1000010001100000110111010101101100011110000100110011011001010111111101101001000101100110010110000000100010001000101100110000111101101
1001011000010101100010110010011000111011001001110100001000011001100101100101110011100001000110111101101000010001000001101101000000001
0010110111111000001010110011111100011101100101000110011101001101110101111000101010011111110110110100101010101111110110001111000101010
0101000011001100001010111100010110011010101010010010101000010100000010100000010000110100111000010110100001010110011101010001101011011
0110011000001100101111010101111111101100001110101100011000000001010010001110010111111101000100100110100100011010111001011101110110010
0011100010010010010010100110000001100001101110110001111000000101110111011100010110001001010101101110101010011100100000110010110111001
0000110101101000111111001011010011000101011010010100000111101110110000011001000000001001110000010000101010110000000000001100000111000
1011000110001100011110000010111010100000101011111110101100101101010111010001110000101001011011100101001001010110010000101101010001011
0101011000011111010001100001011110011011000110101010001001101110000011010010101000000100110111111100111110011100101001000011000100110
0101010010001010111001010011010101000001010000101001010111001001001101001010001010011000010011111010101011001100010101110110111001101
1000011101100111001011000111101000000100011000111111100110101110101011110110010001110101000010111010011011011000001001010100001110111
0100010110110010100000100111101010111101111011001001110100001101011101000000100111110010010000111100101010010000000001000111000011000
1101010011101100010111110101000001110111101000101001110011011100000111011000111000110101010100001110110110101100011110111001100100111
1001000100010010001010100110100110010111011001110101001001001011101000110010001001111111000000011010011101100010101001010101011001111
1110100100000111001010110110101001001101111100111100001110110001110100001111011100101110101001001010100001001110001101100010101001010
1001010110100111001011010010010111001000001001111100100110011000010111100010111111000101110010100011110100110101100001000010001001101
0010100101111110111010111110010101111101000111001110111010001101010011010110110011110000100010011111010010110101101110100011001011101
1110010111001000100111011100010101001111000110000101111000111111000011110111010001000100101100001001001100010010011010011100111011000
1000101101000110010101100110101110101100001110111110111111011001011100001111001011000111000111100000111010111100110011100100011110100
0111111101011100100001011001010101000010000111110110011011111110100010001001111100101010110101100101110101001110001001010010011000111
1101111101011010101110101000101000100010111110011110100100101100111010101100011100101110100001100100011101000110101000100011101010100
1000110001101110100000010100011011000110111100110011110111100010101101111010000101011001111000010100100001001000001100111111110011101
0010001100101001000100011001011100011001100101111010100001111111011101111010010010011100111111010110111101010111010101000001000000110
1100101111111011111010001101110101010100010101110010001101000001101101011010101010110110110101011110110010001111000110000111011001000
1011100111100101101000000100011101001010111111110110001000110110110101010111000110000010110011011010101101011011101010111110001010011
0010101001101000011101010011101111100101101100101101100000110101110100111010010001101111110111111100100101000000011101101101111100010
1001001010110101100001010000011100100101010000000100100110000110010001110001101001111111110101001001001000011100110101110000100101101
0101111101100001011100010001110010010010111011000000100100101000011011001101001100101100101001100111110001101010101101101100101001010
