0100010010001110011101010100011110010010110001000
1011011101101111011111010000011110111000100111110
0101110010111101001000010010110000101111110101011
0110111010000111110000011011010110100011010010111
0011001101010101110101000111011010111110011010110
1111001111101001100010101010101100110111001000110
0101110001000111101001011110111100101110110011111
0100110001010001100001100011001111100100101011100
1011010001001101011001111010010111110101100010110
0100111110110001111001010100101110110001001011110
0110010001000000001010000110010111111111010111100
0010100101000110111100100010110001010010101011110
1110010010000000111000000111101111010000001101111
1111101010010001100001101101100010111011011111110
1101001000010001100110100101000000100101111110111
0111111111000110110011000000111010001100101011110
0001111101011111001010100010001111110111111111110
1101100011011001001000010100111000011111110101011
1110001011111000110110001111011111001100001011111
1100100000010010001010000000011110011010001000110
0100010000100011101100001110011100101100010001001
1100101111000101000000011011100100011011001000001
0000010110010110100000011110100010010100000100101
1111001011000000010001101010011001110000000001110
0001011010000100001011110100010001100101011011101
1000101001101110011010101011001010111111100101100
0011111110111000101011110100111110000100101010001
0001100100001110001001000100001101000101011100000
0010011001011101010001100010000011110000000111101
1111101010110001011110011010000100011111000011010
1100111101001001111110010111000110010001001101110
1101011111101000101111000011011000110000010101100
1101100111101101101100100110101001001111010011111
0000000110111000101000011001100010010100111101000
0111111111100110100010011100100100011011110010110
1100110011111100110101110100111101100011011111111
0110101000100101011111000100010010100100000101111
0010111110100011111010101111010011001000100001111
1011111000110100110101000100010010110001010001110
0011010011100110110001001101011010110010100010011
1110001110010011110000000110000001100101000001101
1011101000100110110010001001000111110010001000110
0000110101011111101101001011001001010000010111001
0110000000101110110000100101101101011000001011110
0101101111110111101000001010110010110001001101101
1110001101111101111010011100111111011110101110000
0101111111111111101100111100101110111110110110001
0111111011011111111100010000011010111111010100000
0011001000001010011011101010100010011101101010100
