010000111111010010001101110101001001100010011110001010010000100100010010011011000110111000010110001101010100111
100010101111101000101010010101110010101110000111101011001111110000111010011110110001001011111111010010111110011
000000111101010000010101101011101101110001111110000000101011100011010100000101110001111110110011000101110101111
000010000101000000000010110110111110000111101111100110101001011100000101100100000110000011101111011111011010011
010101011000101100100000110000000010111100001010111000010111110101010111110001101010011010110000101100100111100
000010111110000010101011101010100010110100001011111101010000100000011000000111111100011000100010001111001101010
111001001110011100000100110000101110111010111110111000010010001111111100011111000001110000100010011001111110100
101011000001101100011011111110110110100101110010001100010011001011000011010101111111001101010110010101011100110
111011100001100100110001000001011001001010001100010010110101101110011010100000110110110110110001010001111001100
111101100010111110110111011101010011111010111010100000100010111000010100111110000101011011101100000101110111100
110001100100001101000010101001000001010111011000110111110001111010011101101110000111010001001101001010101010101
111100011000010100010001100111011100011111110101011111010001000111000001001100110110101000110110001111111000011
010010011100010011000101000011000111000011101001001101011111000000110110010011000000001111001010010111010101111
101000100101101000000011000100100110111011100011111000101000110010001001011100001111011010111111010001111110101
010010110110010111111000101111111001010011100101101101000100101001010111111010100110001001100101100111101111000
000010111111001001111011000110110010011011110111010001010000010100011000110111011000100111001100010100100000010
100001000100101000010100011100110111000110101011110101100111100100011101001000000111111100000111011011111010111
000000000010101100001001001011111000000001011100100000100010100101001110111111111110101100110101001011100000001
010011001100001100010100001100100001010100100111011000011010010100000100110101110101100101011100000001111000001
001000011101001110101110011010101110011001000100000010110111100101100100101010010100110101101001101010100011000
110001010000001101010000000110110011011111101001010011100011010101101101000011111111010111111110001000010100101
101000100100100010110010001110110011101111011110011101110100011000110110011011001110010100010011011100101011111
010101010110010100010101100001101111101000001110110100000101110101000110001111110011000000100110011100111100010
101001011101110101000010100001100110010010110000100010001101111010110001000111101110000100001010011110010101000
101111110011001000000011011011010001100000101000100000000010011011011110010011001001101000101110111010110100011
110110110100000010010000101110110100010110010010010101110010111111001110010001000110010100000100111001000011010
001001010110001011110100110101100011101111000110101111001000100011110010110100111111001100111110011111111100100
110100010101011110101100011001101111111001101100011110001000110011110000111111011010111100011110110101010111000
001101010001101101011100110001010110011010011001100001001001010000000110010001001010000010111010110001101001001
111000001111101001000011101110110001011110001011111111000010110110100000010011100001101000011101001100011100110
011101110000011111111111011101001001000100101101011000000110001010011011000011000010101011110011110110001001010
010100011101001111001100110011001101100011100001100100010111110000010010000001111000010101100010000011011010001
101100101001001001010010000100110110111011110010101110101001101111010110001101111100101001000111000010111110100
001100110001110010010011010110011011000000010011111001010100000101110110011111100010111001100100111100111010101
010111110100110110011111001110001101100100001111011110001011010001000001000011010111001001010110001110010001100
101000001110101010101110101101110110000010101100110010001001010111010000000010010100000100000100101001011100100
111011110100010000000110101100011010011001001010111110111011001010010100010001000011010100011101101010001001111
001011100111011100111001010111001000101001001100000010110110100100101110110110010001001100011000000001110111001
010010101101010100011110001111001000110001010101111011111111101011110010000000100010001011001000000011100101011
010111010011000010101100011001100010000010100011101010101001110000111011110010111011000111110011101001010100001
110100101111111110001101011011011001000101000111100111111101011001101101111011001101100001010101100100101011110
001100010011111101011100001100011000111010010001000101001000101100101010010010001001111110001100001001001001101
001100110101111110101001100100111001000100001000111001100101101101001011001001110000000011111001101010101001100
101000110111000101000101010010001100001001000111110010010101110101111110001010001110110001110100101011100001000
101111101110100011001110100111100011110000100101111110110001000010001110111110010001111001001111111010111100010
111100101001001101110110001100100011011010011010111101001100001101001101010100100110100110011111001011000011011
111111110100010110100110011001001110100110010100011100010110010110110011101010001011010101010101000100000110101
010101000001111110101000000011110110001111011000010110110010110100100000111000101101001100100001001111000100111
010111100110011011000011101011011101101110111100000100111010100011011000111100000010100101111010111010101011000
000011101011010110101110010101100111101000111111001011001110000101101000110001110011100100000010110101011110010
110011110001111000100100001101101110101100101110010110101001010010010100011000011101101100010010011010011110111
000101010011101010000110011101011010100011001111101000010010100100011001010100101011100100000111101110101101100
110100001011000000011001001101001011111110011001011001001110101010100011001010001100011001011101111001001110010
010001000011101110001100011011000100001011100100010010111011101001111110011000100101011000000000010111110000101
001100001110010011011100010000001000111110101001101001010001101010101100111011100101101101001011010011110010110
100011111011100100110100010000010100111010011011100101100000111101110001110011000010010111100001011000010000101
011100000000110000100001001110001011101111000100111011000010100011001101101001100001111100000110000011111100100
010010001000101010010111000000110100011010110110010010000000110100111101111100011001101101101011001110101000000
011010110100100011111000110001110010111000000011110111001000111110011101111100011011101100110000110011100010111
011110011011100010011011000010011011101110111000001001100000010100111100010100101110011010011000111111000000010
111011001110011011010011011101011000011101110001100111111110011111010000100010100000011100000011001101101000110
010110000110010100101111110111010011000110010011001000010111100101000111110001100001011010000000001111111000101
000100111110001000000101110000101000101011100100000011110010100000100100000111110110011001111111001100101100100
100110101001000111111010010001001101010001110111010100010111110011111000101101001011011101110000000010100100101
001000111011010000000001111101101001101000001010101010101010100101111000000000000111010000001000111011111110111
001010110001001001011010111100001111001010110100110001011000110110111110111100000001100010000110001110100011011
010000100000100000011101001101000100011111010011010011110101001111001110001101110111110111000011010100010100000
111011101110101110000101101100111101101100010010101101010111100111001011010101100101110000101010110010110000101
010001101010010111001000110000100000010111111100110101101111000111110001011000110001111100100100001011100100100
001110100110101011111110110010001100110010011100001001101111011001100011000111101100111000000101000000011110001
110010011000101001000110111010111100011101111010000011000000010001110100010111110010001010010000110011100111101
000110010011011010001001000000100010000110100110000110011110010000011100101100011000001111000111100000010011000
000110001110001101110000001100000000010110001011110000111110110101000001011111011100101100101111010001111010011
110010110100111101100100111111000100110111001101111101110111010001011010100101011010010010101000110101010010111
110000100111011011010110000100001100000010111011101011101110000101101001100011110001111110111111101110011100100
011101110111010101100011001100001100010000001100100100000111001101110111110001101100001100101111010101001010110
110001100110101101011111100101100111010111011010000010110000101000000110101001011101010011110011110010010111011
101011110000100101101111110111111110100010100000010000111000011100110110111110010001001000010110001000000010100
011011011001001001101011001001011100001100100101010101101001111000111110001100011011110111110111011101000010010
011001011001000101111010001100011011010100101000011000000110001000101011111011100010010111110101110110010110011
000011010000010101001101101110011000000111010011001110000111000100000101110110100001110110111101001010010001001
100101011111011011111101011000001011000010010101001011100001001010110100100110000000011110110001100001101100110
100110011011011011001111011110100110101100010110110100010011001110100010010000110000111111010010000110101000110
011000110110010010101010101001000010110111001011011101101110010111111000001011101000110001110000000001010111000
101000101001000111110000100101101100000011011100111100101110000001111100101000101011000111110011011001001100110
101011101110010010011100010100010100100001011010000011011001111110111100011010111111001001101011111111100110100
111011010101111011000000101101101110011001001001001011101111111100001111101101000110010110010001111010000101100
001000011000100111111101011100010001110101000111111100111110100100101001101100111110101000111100111001001100100
011110001100110100001000000010100000001101100100000000010001010001100011011010111110101001100111000111111001010
010100010110101100111000000000111110001110111010100010110100001100100001000010110011110010011000100010100111010
011111101101011001011010101010110100000100110001100000010110001100011000111110111101110110011110001111111011100
111010011001010001101100001111100010110110110110101010000011001100000010001011111111101101101100010001111100101
010100000110110100111001101111000000111001101100100010100101001010010000111100001000010101110010011111011001110
110100010111011111101010111101001111100011011110000110001000001001001101101101111000000110110010001101010001011
111101110001110010001111101110111010000100001100111100101100101001110001101111100010110010101101000101010110101
011100001010011011010100000001101000100110101111000110110100101000100101101110111100111010000010100010000100101
000010000000001000010000110110100101100110111000110110000011000010010011011010010100011101000001010111101011111
010100111000110110000111111110100100000000001000111011110011000010110010110110110000111100011000100101100010100
100111100011000011011111111001000111100101111101101110010101111011001000001001101000111100101100000111010101011
101111010101101100000111001101100110000010000011010101000101111001100000011100110010010010101110111000100101001
010101000011101011010001101000111010101000111101101101101111010111011010001010011010011011101001101001101010000
101101111101111011100000011110010001011101010101010011101011110010001010110100100101110110111110111010100011001
011010101111011111110110101010001100011010111000100101101110111111011010100000000110010011110000110111000001001
111100111101110010101011101101011111010100001000011001111000010010110101111010011001000010111110001000001001100
010101111011011010100110001011111101100011101000111110001100111010000100101100000110100110111000100010010111011
111011110100111000001011101101001001011100001011011110001000001110101110001010010101111101010011001100001011110
010110100110011010010100010100011100010010000110111010100010000011000111110111110001010001100010110011001100001
001011001100101000010101010110100010111011110100100100000000000001000011000010001001001011101100101101111100101
101010111110110010001100001001001111100011100011001101111010111110011010011101000110111100111011110000010101001
111101010001100110000110110001100000101010001101011010100011100011000000110110110110100011001100101000001100000
111100000011110011101100100010010100111101000111001001010010010111010110110010011000000000010111101101101011100
