0100010010001110011101010100
1011011101101111011111010000
0101110010111101001000010010
0110111010000111110000011011
0011001101010101110101000111
1111001111101001100010101010
0101110001000111101001011110
0100110001010001100001100011
1011010001001101011001111010
0100111110110001111001010100
0110010001000000001010000110
0010100101000110111100100010
1110010010000000111000000111
1111101010010001100001101101
1101001000010001100110100101
0111111111000110110011000000
0001111101011111001010100010
1101100011011001001000010100
1110001011111000110110001111
1100100000010010001010000000
0100010000100011101100001110
1100101111000101000000011011
0000010110010110100000011110
1111001011000000010001101010
0001011010000100001011110100
1000101001101110011010101011
0011111110111000101011110100
0001100100001110001001000100
