0100010010001110011101010100011110010
1011011101101111011111010000011110111
0101110010111101001000010010110000101
0110111010000111110000011011010110100
0011001101010101110101000111011010111
1111001111101001100010101010101100110
0101110001000111101001011110111100101
0100110001010001100001100011001111100
1011010001001101011001111010010111110
0100111110110001111001010100101110110
0110010001000000001010000110010111111
0010100101000110111100100010110001010
1110010010000000111000000111101111010
1111101010010001100001101101100010111
1101001000010001100110100101000000100
0111111111000110110011000000111010001
0001111101011111001010100010001111110
1101100011011001001000010100111000011
1110001011111000110110001111011111001
1100100000010010001010000000011110011
0100010000100011101100001110011100101
1100101111000101000000011011100100011
0000010110010110100000011110100010010
1111001011000000010001101010011001110
0001011010000100001011110100010001100
1000101001101110011010101011001010111
0011111110111000101011110100111110000
0001100100001110001001000100001101000
0010011001011101010001100010000011110
1111101010110001011110011010000100011
1100111101001001111110010111000110010
1101011111101000101111000011011000110
1101100111101101101100100110101001001
0000000110111000101000011001100010010
0111111111100110100010011100100100011
1100110011111100110101110100111101100
0110101000100101011111000100010010100
