0100010010001110011101010100011110010010
1011011101101111011111010000011110111000
0101110010111101001000010010110000101111
0110111010000111110000011011010110100011
0011001101010101110101000111011010111110
1111001111101001100010101010101100110111
0101110001000111101001011110111100101110
0100110001010001100001100011001111100100
1011010001001101011001111010010111110101
0100111110110001111001010100101110110001
0110010001000000001010000110010111111111
0010100101000110111100100010110001010010
1110010010000000111000000111101111010000
1111101010010001100001101101100010111011
1101001000010001100110100101000000100101
0111111111000110110011000000111010001100
0001111101011111001010100010001111110111
1101100011011001001000010100111000011111
1110001011111000110110001111011111001100
1100100000010010001010000000011110011010
0100010000100011101100001110011100101100
1100101111000101000000011011100100011011
0000010110010110100000011110100010010100
1111001011000000010001101010011001110000
0001011010000100001011110100010001100101
1000101001101110011010101011001010111111
0011111110111000101011110100111110000100
0001100100001110001001000100001101000101
0010011001011101010001100010000011110000
1111101010110001011110011010000100011111
1100111101001001111110010111000110010001
1101011111101000101111000011011000110000
1101100111101101101100100110101001001111
0000000110111000101000011001100010010100
0111111111100110100010011100100100011011
1100110011111100110101110100111101100011
0110101000100101011111000100010010100100
0010111110100011111010101111010011001000
1011111000110100110101000100010010110001
0011010011100110110001001101011010110010
