01000100100011100111010101000111100100101100010001011010010110100100101010110000000111101001
10110111011011110111110100000111101110001001111101000000011011100100111111100000000101110100
01011100101111010010000100101100001011111101010111010001111111101100010011000111110100111111
01101110100001111100000110110101101000110100101110110110111010111011001111000001110010101001
00110011010101011101010001110110101111100110101100011111001110100110010000001001101011001001
11110011111010011000101010101011001101110010001100010010001000001100011010101100001100111101
01011100010001111010010111101111001011101100111111101011101111111111011010011000000000010110
01001100010100011000011000110011111001001010111001101100110110100000111101001001001010010101
10110100010011010110011110100101111101011000101101000111001011001000110001010000001100101000
01001111101100011110010101001011101100010010111101111101100111101111000001000101001000101010
01100100010000000010100001100101111111110101111001010100000010010101110011001011010001101001
00101001010001101111001000101100010100101010111100001001001000111000010010010000000000111111
11100100100000001110000001111011110100000011011110101011110011100000000000100010000001001011
11111010100100011000011011011000101110110111111100110010111100111000010100011011001101111110
11010010000100011001101001010000001001011111101111100100101001110010111001110010001111010001
01111111110001101100110000001110100011001010111101100101101111000101110100101001100100111111
00011111010111110010101000100011111101111111111100010010001000000100101011010011100010000111
11011000110110010010000101001110000111111101010110000011101110011000101100001010010001011100
11100010111110001101100011110111110011000010111110011010010100001111111011001001110111100100
11001000000100100010100000000111100110100010001100110100111110001010101001110000010001011001
01000100001000111011000011100111001011000100010010011001100110111010101000011010110100001010
11001011110001010000000110111001000110110010000011010011100011000011101010010111011110011111
00000101100101101000000111101000100101000001001010111001101100101011001010101010100001001010
11110010110000000100011010100110011100000000011100011011011000011001001110001010010100110010
00010110100001000010111101000100011001010110111010110110110100000010110001011101000010111001
10001010011011100110101010110010101111111001011001010100001010001110010001000000001110000101
00111111101110001010111101001111100001001010100011010100011111011011001001100100101010010011
00011001000011100010010001000011010001010111000001100001101011100101010111111010100111010010
00100110010111010100011000100000111100000001111010010000111001010000101000011001000111101011
11111010101100010111100110100001000111110000110100111111010100100111010010001101111100000010
11001111010010011111100101110001100100010011011100010010101010011000111100001010010010001011
11010111111010001011110000110110001100000101011000010110000001101010010111000110110000111101
11011001111011011011001001101010010011110100111110001001001001000110111011011101101111001001
00000001101110001010000110011000100101001111010000011000100100100011100111110011110011001111
01111111111001101000100111001001000110111100101100110010001001001101011011011010010001001110
11001100111111001101011101001111011000110111111111101100111100101101101111010010001000101110
01101010001001010111110001000100101001000001011110101111110011011100110100110110000111111000
00101111101000111110101011110100110010001000011111101110101111011010010011100110100010011100
10111110001101001101010001000100101100010100011100001011001010000010010001111101100010000000
00110100111001101100010011010110101100101000100110110010001101111110010011001111100111001000
11100011100100111100000001100000011001010000011010010001001011100100100110011111110110111000
10111010001001101100100010010001111100100010001101100000000010010101011010001000110110011101
00001101010111111011010010110010010100000101110011010011100010111110010010010010110110001011
01100000001011101100001001011011010110000010111100010010100011010010001101100000011111000110
01011011111101111010000010101100101100010011011010001011111110110001001010101100010001011010
11100011011111011110100111001111110111101011100001101100010101100101010101001101110010010001
01011111111111111011001111001011101111101101100011100010111110111010110110111011110100110101
01111110110111111111000100000110101111110101000000001100001110101100110111010100110100011010
00110010000010100110111010101000100111011010101000111110010100001011000111100101110111011010
11100011111000110000010001110000000101000110011000010110011101000101101110001010101001010011
00010011010011110001001010010100001111010100011010001111010110101011100011110000000101000111
10111100011001001011111111101111011000011011000011001000111111011000101100110011101101001001
10001011010110000010101100000100110111100000110110110010110110101011000101110111110100110011
00011001111000110001000011100101000111000000010111100001111011111111001110000100100101001110
10011110100011001110010110000111001011110011101011101000010011110000110101000000011000111011
00101010110110010100111100010100100010101010100000100100000110001101110011100010100000111010
00110011010011110101111010011010010111000011101000011100000000001101101110100101110011110001
11110001000011000011000110101100000110000000111011111110001110101100001111001100111011110011
01111110100101111101001101111010101101111000101101010100010110001011101010000001110110110010
10101011010001010111101010100100010101010000111111111001011011011011000101101001010010100101
11111011111010010101110001110010000011101111101100111111011101101001111001011100011110010011
01100010110010110000010000111001101011011001010001010110000110111001001100000110011000001100
11111011010111100000101000010101010100011010111100101110010011001000110011101010000011011000
00010010001101100100100100101010000011010111101000010110000101001111101001010010111110101001
00110110110101000111101101100011001111010010001110111101111111110100110010110111101011000100
11101110011000011010000001010100101110011110010101000101110000011010011000110100001110111010
00011010010000100011111011100101110001110011001010101100001100010101000111110011101111111111
00010010011000010010011100110100011100000100110011101101101111010010001100110001100001100110
11000001101000111111110010001010110110001000001101110011101010111000011000010111001011001000
01101111101101110010000011010111101011110110011100000011000010101100100010001101110101011010
11010111000000101111111100101010101100000101100001010100111011010101100111001011000101011111
01010001000001010100000100010011010110001001011111011110110101000011001010110110000000011110
11110110001100001010011100010101111101011110101111100101111000101010011101111001101100000010
01110001111000101011000011110001111101110001010110101011010110110010001010111101100000010000
11000100000010110001001000110000010011100001101010111001100100101111000111011000111010101011
10000010100101101001110010011000111110101010001100111000000010011111100111100000111000010101
00001111001001010110101110011110101000111100111001000000010110100000011011100101001101111001
00100100010000000000010010100101100011111000110110001100110011001100110101001011101010110010
00100000001011101100111100010011011111011010001001011001000001111010101100000101111010001100
00111001011001011010010010001100110000111000011010011000101100001011111011001110100101011010
00111000000000011010101000110101110001111110011111011101111000011011010011110111011110000110
00110000001000000111110100000111011000001111111110001010111111010000010000110010101110110001
00001101110001100000010001100100100100000001000001010010010011011110100010111110110001111010
11100100100001110010110101011100100010011111001110111100001010010110011010001001110000011001
10011001000000101010010011111010110011111111010010000000111110111110100000100110110001001001
11001000001011100111001000011000111010010001100011110100110000101011111000001001001010111100
11110100111101010010000110001001000110001000001000001011111100010111000000101100011001011110
01100111000101110101010110110001000011001100111111001011111010100110011101011101011101101110
10111100111111010101111010001011111111011110100110010111000001110110111100101011001111110101
01100111000101011110010001000001011101000101001000100100000101001011001100010010100001111010
00100010010111011000111100111110011100000011100111101111011010000111011110100101101000110101
10111101001110111001010011101011110000000110011001111010110110010010001000111000010110001010
