01000100100011100111010101000111100100
10110111011011110111110100000111101110
01011100101111010010000100101100001011
01101110100001111100000110110101101000
00110011010101011101010001110110101111
11110011111010011000101010101011001101
01011100010001111010010111101111001011
01001100010100011000011000110011111001
10110100010011010110011110100101111101
01001111101100011110010101001011101100
01100100010000000010100001100101111111
00101001010001101111001000101100010100
11100100100000001110000001111011110100
11111010100100011000011011011000101110
11010010000100011001101001010000001001
01111111110001101100110000001110100011
00011111010111110010101000100011111101
11011000110110010010000101001110000111
11100010111110001101100011110111110011
11001000000100100010100000000111100110
01000100001000111011000011100111001011
11001011110001010000000110111001000110
00000101100101101000000111101000100101
11110010110000000100011010100110011100
00010110100001000010111101000100011001
10001010011011100110101010110010101111
00111111101110001010111101001111100001
00011001000011100010010001000011010001
00100110010111010100011000100000111100
11111010101100010111100110100001000111
11001111010010011111100101110001100100
11010111111010001011110000110110001100
11011001111011011011001001101010010011
00000001101110001010000110011000100101
01111111111001101000100111001001000110
11001100111111001101011101001111011000
01101010001001010111110001000100101001
00101111101000111110101011110100110010
