01000100100011100111010101000111100100101100010001011
10110111011011110111110100000111101110001001111101000
01011100101111010010000100101100001011111101010111010
01101110100001111100000110110101101000110100101110110
00110011010101011101010001110110101111100110101100011
11110011111010011000101010101011001101110010001100010
01011100010001111010010111101111001011101100111111101
01001100010100011000011000110011111001001010111001101
10110100010011010110011110100101111101011000101101000
01001111101100011110010101001011101100010010111101111
01100100010000000010100001100101111111110101111001010
00101001010001101111001000101100010100101010111100001
11100100100000001110000001111011110100000011011110101
11111010100100011000011011011000101110110111111100110
11010010000100011001101001010000001001011111101111100
01111111110001101100110000001110100011001010111101100
00011111010111110010101000100011111101111111111100010
11011000110110010010000101001110000111111101010110000
11100010111110001101100011110111110011000010111110011
11001000000100100010100000000111100110100010001100110
01000100001000111011000011100111001011000100010010011
11001011110001010000000110111001000110110010000011010
00000101100101101000000111101000100101000001001010111
11110010110000000100011010100110011100000000011100011
00010110100001000010111101000100011001010110111010110
10001010011011100110101010110010101111111001011001010
00111111101110001010111101001111100001001010100011010
00011001000011100010010001000011010001010111000001100
00100110010111010100011000100000111100000001111010010
11111010101100010111100110100001000111110000110100111
11001111010010011111100101110001100100010011011100010
11010111111010001011110000110110001100000101011000010
11011001111011011011001001101010010011110100111110001
00000001101110001010000110011000100101001111010000011
01111111111001101000100111001001000110111100101100110
11001100111111001101011101001111011000110111111111101
01101010001001010111110001000100101001000001011110101
00101111101000111110101011110100110010001000011111101
10111110001101001101010001000100101100010100011100001
00110100111001101100010011010110101100101000100110110
11100011100100111100000001100000011001010000011010010
10111010001001101100100010010001111100100010001101100
00001101010111111011010010110010010100000101110011010
01100000001011101100001001011011010110000010111100010
01011011111101111010000010101100101100010011011010001
11100011011111011110100111001111110111101011100001101
01011111111111111011001111001011101111101101100011100
01111110110111111111000100000110101111110101000000001
00110010000010100110111010101000100111011010101000111
11100011111000110000010001110000000101000110011000010
00010011010011110001001010010100001111010100011010001
10111100011001001011111111101111011000011011000011001
10001011010110000010101100000100110111100000110110110
