0100010010001110011101010100011
1011011101101111011111010000011
0101110010111101001000010010110
0110111010000111110000011011010
0011001101010101110101000111011
1111001111101001100010101010101
0101110001000111101001011110111
0100110001010001100001100011001
1011010001001101011001111010010
0100111110110001111001010100101
0110010001000000001010000110010
0010100101000110111100100010110
1110010010000000111000000111101
1111101010010001100001101101100
1101001000010001100110100101000
0111111111000110110011000000111
0001111101011111001010100010001
1101100011011001001000010100111
1110001011111000110110001111011
1100100000010010001010000000011
0100010000100011101100001110011
1100101111000101000000011011100
0000010110010110100000011110100
1111001011000000010001101010011
0001011010000100001011110100010
1000101001101110011010101011001
0011111110111000101011110100111
0001100100001110001001000100001
0010011001011101010001100010000
1111101010110001011110011010000
1100111101001001111110010111000
