010001001000111001110101010001111001001011000100
101101110110111101111101000001111011100010011111
010111001011110100100001001011000010111111010101
011011101000011111000001101101011010001101001011
001100110101010111010100011101101011111001101011
111100111110100110001010101010110011011100100011
010111000100011110100101111011110010111011001111
010011000101000110000110001100111110010010101110
101101000100110101100111101001011111010110001011
010011111011000111100101010010111011000100101111
011001000100000000101000011001011111111101011110
001010010100011011110010001011000101001010101111
111001001000000011100000011110111101000000110111
111110101001000110000110110110001011101101111111
110100100001000110011010010100000010010111111011
011111111100011011001100000011101000110010101111
000111110101111100101010001000111111011111111111
110110001101100100100001010011100001111111010101
111000101111100011011000111101111100110000101111
110010000001001000101000000001111001101000100011
010001000010001110110000111001110010110001000100
110010111100010100000001101110010001101100100000
000001011001011010000001111010001001010000010010
111100101100000001000110101001100111000000000111
000101101000010000101111010001000110010101101110
100010100110111001101010101100101011111110010110
001111111011100010101111010011111000010010101000
000110010000111000100100010000110100010101110000
001001100101110101000110001000001111000000011110
111110101011000101111001101000010001111100001101
110011110100100111111001011100011001000100110111
110101111110100010111100001101100011000001010110
110110011110110110110010011010100100111101001111
000000011011100010100001100110001001010011110100
011111111110011010001001110010010001101111001011
110011001111110011010111010011110110001101111111
011010100010010101111100010001001010010000010111
001011111010001111101010111101001100100010000111
101111100011010011010100010001001011000101000111
001101001110011011000100110101101011001010001001
111000111001001111000000011000000110010100000110
101110100010011011001000100100011111001000100011
000011010101111110110100101100100101000001011100
011000000010111011000010010110110101100000101111
010110111111011110100000101011001011000100110110
111000110111110111101001110011111101111010111000
010111111111111110110011110010111011111011011000
011111101101111111110001000001101011111101010000
