010001001000111001110101010001111001001011000100010110
101101110110111101111101000001111011100010011111010000
010111001011110100100001001011000010111111010101110100
011011101000011111000001101101011010001101001011101101
001100110101010111010100011101101011111001101011000111
111100111110100110001010101010110011011100100011000100
010111000100011110100101111011110010111011001111111010
010011000101000110000110001100111110010010101110011011
101101000100110101100111101001011111010110001011010001
010011111011000111100101010010111011000100101111011111
011001000100000000101000011001011111111101011110010101
001010010100011011110010001011000101001010101111000010
111001001000000011100000011110111101000000110111101010
111110101001000110000110110110001011101101111111001100
110100100001000110011010010100000010010111111011111001
011111111100011011001100000011101000110010101111011001
000111110101111100101010001000111111011111111111000100
110110001101100100100001010011100001111111010101100000
111000101111100011011000111101111100110000101111100110
110010000001001000101000000001111001101000100011001101
010001000010001110110000111001110010110001000100100110
110010111100010100000001101110010001101100100000110100
000001011001011010000001111010001001010000010010101110
111100101100000001000110101001100111000000000111000110
000101101000010000101111010001000110010101101110101101
100010100110111001101010101100101011111110010110010101
001111111011100010101111010011111000010010101000110101
000110010000111000100100010000110100010101110000011000
001001100101110101000110001000001111000000011110100100
111110101011000101111001101000010001111100001101001111
110011110100100111111001011100011001000100110111000100
110101111110100010111100001101100011000001010110000101
110110011110110110110010011010100100111101001111100010
000000011011100010100001100110001001010011110100000110
011111111110011010001001110010010001101111001011001100
110011001111110011010111010011110110001101111111111011
011010100010010101111100010001001010010000010111101011
001011111010001111101010111101001100100010000111111011
101111100011010011010100010001001011000101000111000010
001101001110011011000100110101101011001010001001101100
111000111001001111000000011000000110010100000110100100
101110100010011011001000100100011111001000100011011000
000011010101111110110100101100100101000001011100110100
011000000010111011000010010110110101100000101111000100
010110111111011110100000101011001011000100110110100010
111000110111110111101001110011111101111010111000011011
010111111111111110110011110010111011111011011000111000
011111101101111111110001000001101011111101010000000011
001100100000101001101110101010001001110110101010001111
111000111110001100000100011100000001010001100110000101
000100110100111100010010100101000011110101000110100011
101111000110010010111111111011110110000110110000110010
100010110101100000101011000001001101111000001101101100
000110011110001100010000111001010001110000000101111000
