010001001000111001110101010001111001
101101110110111101111101000001111011
010111001011110100100001001011000010
011011101000011111000001101101011010
001100110101010111010100011101101011
111100111110100110001010101010110011
010111000100011110100101111011110010
010011000101000110000110001100111110
101101000100110101100111101001011111
010011111011000111100101010010111011
011001000100000000101000011001011111
001010010100011011110010001011000101
111001001000000011100000011110111101
111110101001000110000110110110001011
110100100001000110011010010100000010
011111111100011011001100000011101000
000111110101111100101010001000111111
110110001101100100100001010011100001
111000101111100011011000111101111100
110010000001001000101000000001111001
010001000010001110110000111001110010
110010111100010100000001101110010001
000001011001011010000001111010001001
111100101100000001000110101001100111
000101101000010000101111010001000110
100010100110111001101010101100101011
001111111011100010101111010011111000
000110010000111000100100010000110100
001001100101110101000110001000001111
111110101011000101111001101000010001
110011110100100111111001011100011001
110101111110100010111100001101100011
110110011110110110110010011010100100
000000011011100010100001100110001001
011111111110011010001001110010010001
110011001111110011010111010011110110
