0100010010001110011101010
1011011101101111011111010
0101110010111101001000010
0110111010000111110000011
0011001101010101110101000
1111001111101001100010101
0101110001000111101001011
0100110001010001100001100
1011010001001101011001111
0100111110110001111001010
0110010001000000001010000
0010100101000110111100100
1110010010000000111000000
1111101010010001100001101
1101001000010001100110100
0111111111000110110011000
0001111101011111001010100
1101100011011001001000010
1110001011111000110110001
1100100000010010001010000
0100010000100011101100001
1100101111000101000000011
0000010110010110100000011
1111001011000000010001101
0001011010000100001011110
