01000011111101001000110111010100100110001001111000101001000010010001001001101100011011100001011000110101010011110001
10001010111110100010101001010111001010111000011110101100111111000011101001111011000100101111111101001011111001101100
00000011110101000001010110101110110111000111111000000010101110001101010000010111000111111011001100010111010111110101
00001000010100000000001011011011111000011110111110011010100101110000010110010000011000001110111101111101101001101110
01010101100010110010000011000000001011110000101011100001011111010101011111000110101001101011000010110010011110011101
00001011111000001010101110101010001011010000101111110101000010000001100000011111110001100010001000111100110101011111
11100100111001110000010011000010111011101011111011100001001000111111110001111100000111000010001001100111111010001100
10101100000110110001101111111011011010010111001000110001001100101100001101010111111100110101011001010101110011000101
11101110000110010011000100000101100100101000110001001011010110111001101010000011011011011011000101000111100110011001
11110110001011111011011101110101001111101011101010000010001011100001010011111000010101101110110000010111011110001100
11000110010000110100001010100100000101011101100011011111000111101001110110111000011101000100110100101010101010110111
11110001100001010001000110011101110001111111010101111101000100011100000100110011011010100011011000111111100001101000
01001001110001001100010100001100011100001110100100110101111100000011011001001100000000111100101001011101010111111100
10100010010110100000001100010010011011101110001111100010100011001000100101110000111101101011111101000111111010101101
01001011011001011111100010111111100101001110010110110100010010100101011111101010011000100110010110011110111100001010
00001011111100100111101100011011001001101111011101000101000001010001100011011101100010011100110001010010000001000110
10000100010010100001010001110011011100011010101111010110011110010001110100100000011111110000011101101111101011111011
00000000001010110000100100101111100000000101110010000010001010010100111011111111111010110011010100101110000000111111
01001100110000110001010000110010000101010010011101100001101001010000010011010111010110010101110000000111100000101110
00100001110100111010111001101010111001100100010000001011011110010110010010101001010011010110100110101010001100011011
11000101000000110101000000011011001101111110100101001110001101010110110100001111111101011111111000100001010010100100
10100010010010001011001000111011001110111101111001110111010001100011011001101100111001010001001101110010101111111100
01010101011001010001010110000110111110100000111011010000010111010100011000111111001100000010011001110011110001010111
10100101110111010100001010000110011001001011000010001000110111101011000100011110111000010000101001111001010100001111
10111111001100100000001101101101000110000010100010000000001001101101111001001100100110100010111011101011010001110001
11011011010000001001000010111011010001011001001001010111001011111100111001000100011001010000010011100100001101011001
00100101011000101111010011010110001110111100011010111100100010001111001011010011111100110011111001111111110010011101
11010001010101111010110001100110111111100110110001111000100011001111000011111101101011110001111011010101011100010001
00110101000110110101110011000101011001101001100110000100100101000000011001000100101000001011101011000110100100101001
11100000111110100100001110111011000101111000101111111100001011011010000001001110000110100001110100110001110011010101
01110111000001111111111101110100100100010010110101100000011000101001101100001100001010101111001111011000100101000000
01010001110100111100110011001100110110001110000110010001011111000001001000000111100001010110001000001101101000100100
10110010100100100101001000010011011011101111001010111010100110111101011000110111110010100100011100001011111010000001
00110011000111001001001101011001101100000001001111100101010000010111011001111110001011100110010011110011101010110001
01011111010011011001111100111000110110010000111101111000101101000100000100001101011100100101011000111001000110011000
10100000111010101010111010110111011000001010110011001000100101011101000000001001010000010000010010100101110010011001
11101111010001000000011010110001101001100100101011111011101100101001010001000100001101010001110110101000100111100010
00101110011101110011100101011100100010100100110000001011011010010010111011011001000100110001100000000111011100101110
01001010110101010001111000111100100011000101010111101111111110101111001000000010001000101100100000001110010101110000
01011101001100001010110001100110001000001010001110101010100111000011101111001011101100011111001110100101010000101111
11010010111111111000110101101101100100010100011110011111110101100110110111101100110110000101010110010010101111001001
00110001001111110101110000110001100011101001000100010100100010110010101001001000100111111000110000100100100110100110
00110011010111111010100110010011100100010000100011100110010110110100101100100111000000001111100110101010100110010110
10100011011100010100010101001000110000100100011111001001010111010111111000101000111011000111010010101110000100011000
10111110111010001100111010011110001111000010010111111011000100001000111011111001000111100100111111101011110001010100
11110010100100110111011000110010001101101001101011110100110000110100110101010010011010011001111100101100001101101110
11111111010001011010011001100100111010011001010001110001011001011011001110101000101101010101010100010000011010100000
01010100000111111010100000001111011000111101100001011011001011010010000011100010110100110010000100111100010011100011
01011110011001101100001110101101110110111011110000010011101010001101100011110000001010010111101011101010101100010101
00001110101101011010111001010110011110100011111100101100111000010110100011000111001110010000001011010101111001000111
11001111000111100010010000110110111010110010111001011010100101001001010001100001110110110001001001101001111011101111
00010101001110101000011001110101101010001100111110100001001010010001100101010010101110010000011110111010110110000010
11010000101100000001100100110100101111111001100101100100111010101010001100101000110001100101110111100100111001000101
01000100001110111000110001101100010000101110010001001011101110100111111001100010010101100000000001011111000010111100
00110000111001001101110001000000100011111010100110100101000110101010110011101110010110110100101101001111001011000011
10001111101110010011010001000001010011101001101110010110000011110111000111001100001001011110000101100001000010100101
01110000000011000010000100111000101110111100010011101100001010001100110110100110000111110000011000001111110010011100
01001000100010101001011100000011010001101011011001001000000011010011110111110001100110110110101100111010100000010110
01101011010010001111100011000111001011100000001111011100100011111001110111110001101110110011000011001110001011101000
01111001101110001001101100001001101110111011100000100110000001010011110001010010111001101001100011111100000001001110
11101100111001101101001101110101100001110111000110011111111001111101000010001010000001110000001100110110100011000110
01011000011001010010111111011101001100011001001100100001011110010100011111000110000101101000000000111111100010100101
00010011111000100000010111000010100010101110010000001111001010000010010000011111011001100111111100110010110010001111
10011010100100011111101001000100110101000111011101010001011111001111100010110100101101110111000000001010010010110100
00100011101101000000000111110110100110100000101010101010101010010111100000000000011101000000100011101111111011111111
00101011000100100101101011110000111100101011010011000101100011011011111011110000000110001000011000111010001101101110
01000010000010000001110100110100010001111101001101001111010100111100111000110111011111011100001101010001010000000001
11101110111010111000010110110011110110110001001010110101011110011100101101010110010111000010101011001011000010110100
01000110101001011100100011000010000001011111110011010110111100011111000101100011000111110010010000101110010010000111
00111010011010101111111011001000110011001001110000100110111101100110001100011110110011100000010100000001111000101111
11001001100010100100011011101011110001110111101000001100000001000111010001011111001000101001000011001110011110100111
00011001001101101000100100000010001000011010011000011001111001000001110010110001100000111100011110000001001100011110
00011000111000110111000000110000000001011000101111000011111011010100000101111101110010110010111101000111101001110011
11001011010011110110010011111100010011011100110111110111011101000101101010010101101001001010100011010101001011111011
11000010011101101101011000010000110000001011101110101110111000010110100110001111000111111011111110111001110010011000
01110111011101010110001100110000110001000000110010010000011100110111011111000110110000110010111101010100101011010011
11000110011010110101111110010110011101011101101000001011000010100000011010100101110101001111001111001001011101100100
10101111000010010110111111011111111010001010000001000011100001110011011011111001000100100001011000100000001010010110
01101101100100100110101100100101110000110010010101010110100111100011111000110001101111011111011101110100001001011100
01100101100100010111101000110001101101010010100001100000011000100010101111101110001001011111010111011001011001101101
00001101000001010100110110111001100000011101001100111000011100010000010111011010000111011011110100101001000100111010
10010101111101101111110101100000101100001001010100101110000100101011010010011000000001111011000110000110110011011000
10011001101101101100111101111010011010110001011011010001001100111010001001000011000011111101001000011010100011010001
01100011011001001010101010100100001011011100101101110110111001011111100000101110100011000111000000000101011100001001
10100010100100011111000010010110110000001101110011110010111000000111110010100010101100011111001101100100110011011011
10101110111001001001110001010001010010000101101000001101100111111011110001101011111100100110101111111110011010010111
11101101010111101100000010110110111001100100100100101110111111110000111110110100011001011001000111101000010110000010
00100001100010011111110101110001000111010100011111110011111010010010100110110011111010100011110011100100110010010010
01111000110011010000100000001010000000110110010000000001000101000110001101101011111010100110011100011111100101011001
01010001011010110011100000000011111000111011101010001011010000110010000100001011001111001001100010001010011101001111
01111110110101100101101010101011010000010011000110000001011000110001100011111011110111011001111000111111101110001110
11101001100101000110110000111110001011011011011010101000001100110000001000101111111110110110110001000111110010110011
01010000011011010011100110111100000011100110110010001010010100101001000011110000100001010111001001111101100111000011
11010001011101111110101011110100111110001101111000011000100000100100110110110111100000011011001000110101000101101001
11110111000111001000111110111011101000010000110011110010110010100111000110111110001011001010110100010101011010100111
01110000101001101101010000000110100010011010111100011011010010100010010110111011110011101000001010001000010010100101
00001000000000100001000011011010010110011011100011011000001100001001001101101001010001110100000101011110101111111000
01010011100011011000011111111010010000000000100011101111001100001011001011011011000011110001100010010110001010011001
10011110001100001101111111100100011110010111110110111001010111101100100000100110100011110010110000011101010101111111
10111101010110110000011100110110011000001000001101010100010111100110000001110011001001001010111011100010010100111001
01010100001110101101000110100011101010100011110110110110111101011101101000101001101001101110100110100110101000011011
10110111110111101110000001111001000101110101010101001110101111001000101011010010010111011011111011101010001100110101
01101010111101111111011010101000110001101011100010010110111011111101101010000000011001001111000011011100000100100011
11110011110111001010101110110101111101010000100001100111100001001011010111101001100100001011111000100000100110010001
01010111101101101010011000101111110110001110100011111000110011101000010010110000011010011011100010001001011101101111
11101111010011100000101110110100100101110000101101111000100000111010111000101001010111110101001100110000101111010101
01011010011001101001010001010001110001001000011011101010001000001100011111011111000101000110001011001100110000101110
00101100110010100001010101011010001011101111010010010000000000000100001100001000100100101110110010110111110010101011
10101011111011001000110000100100111110001110001100110111101011111001101001110100011011110011101111000001010100110010
11110101000110011000011011000110000010101000110101101010001110001100000011011011011010001100110010100000110000010010
11110000001111001110110010001001010011110100011100100101001001011101011011001001100000000001011110110110101110011010
10101100101010001101011011110100011100100011100010000100110000011001000111110110111011011001000011111101010011100110
01011110110111101111010101101000001101011001010000100100101100101100010101100011110110001110010011111000101100100001
01111111011011010110111100100101000001010110110011101101110111111101111100001111000001000110001100100100111000010001
00010100001000111111001100000000000011010110010101110010010110101100111111010100100011110111101000101010101111110000
10101101101001001101001111111100110100011000000111101011000001101010111011010001001111001101111101111111110100001100
