010001001000111001110101010001111001001011000100010110100101101001001010101100000001111
101101110110111101111101000001111011100010011111010000000110111001001111111000000001011
010111001011110100100001001011000010111111010101110100011111111011000100110001111101001
011011101000011111000001101101011010001101001011101101101110101110110011110000011100101
001100110101010111010100011101101011111001101011000111110011101001100100000010011010110
111100111110100110001010101010110011011100100011000100100010000011000110101011000011001
010111000100011110100101111011110010111011001111111010111011111111110110100110000000000
010011000101000110000110001100111110010010101110011011001101101000001111010010010010100
101101000100110101100111101001011111010110001011010001110010110010001100010100000011001
010011111011000111100101010010111011000100101111011111011001111011110000010001010010001
011001000100000000101000011001011111111101011110010101000000100101011100110010110100011
001010010100011011110010001011000101001010101111000010010010001110000100100100000000001
111001001000000011100000011110111101000000110111101010111100111000000000001000100000010
111110101001000110000110110110001011101101111111001100101111001110000101000110110011011
110100100001000110011010010100000010010111111011111001001010011100101110011100100011110
011111111100011011001100000011101000110010101111011001011011110001011101001010011001001
000111110101111100101010001000111111011111111111000100100010000001001010110100111000100
110110001101100100100001010011100001111111010101100000111011100110001011000010100100010
111000101111100011011000111101111100110000101111100110100101000011111110110010011101111
110010000001001000101000000001111001101000100011001101001111100010101010011100000100010
010001000010001110110000111001110010110001000100100110011001101110101010000110101101000
110010111100010100000001101110010001101100100000110100111000110000111010100101110111100
000001011001011010000001111010001001010000010010101110011011001010110010101010101000010
111100101100000001000110101001100111000000000111000110110110000110010011100010100101001
000101101000010000101111010001000110010101101110101101101101000000101100010111010000101
100010100110111001101010101100101011111110010110010101000010100011100100010000000011100
001111111011100010101111010011111000010010101000110101000111110110110010011001001010100
000110010000111000100100010000110100010101110000011000011010111001010101111110101001110
001001100101110101000110001000001111000000011110100100001110010100001010000110010001111
111110101011000101111001101000010001111100001101001111110101001001110100100011011111000
110011110100100111111001011100011001000100110111000100101010100110001111000010100100100
110101111110100010111100001101100011000001010110000101100000011010100101110001101100001
110110011110110110110010011010100100111101001111100010010010010001101110110111011011110
000000011011100010100001100110001001010011110100000110001001001000111001111100111100110
011111111110011010001001110010010001101111001011001100100010010011010110110110100100010
110011001111110011010111010011110110001101111111111011001111001011011011110100100010001
011010100010010101111100010001001010010000010111101011111100110111001101001101100001111
001011111010001111101010111101001100100010000111111011101011110110100100111001101000100
101111100011010011010100010001001011000101000111000010110010100000100100011111011000100
001101001110011011000100110101101011001010001001101100100011011111100100110011111001110
111000111001001111000000011000000110010100000110100100010010111001001001100111111101101
101110100010011011001000100100011111001000100011011000000000100101010110100010001101100
000011010101111110110100101100100101000001011100110100111000101111100100100100101101100
011000000010111011000010010110110101100000101111000100101000110100100011011000000111110
010110111111011110100000101011001011000100110110100010111111101100010010101011000100010
111000110111110111101001110011111101111010111000011011000101011001010101010011011100100
010111111111111110110011110010111011111011011000111000101111101110101101101110111101001
011111101101111111110001000001101011111101010000000011000011101011001101110101001101000
001100100000101001101110101010001001110110101010001111100101000010110001111001011101110
111000111110001100000100011100000001010001100110000101100111010001011011100010101010010
000100110100111100010010100101000011110101000110100011110101101010111000111100000001010
101111000110010010111111111011110110000110110000110010001111110110001011001100111011010
100010110101100000101011000001001101111000001101101100101101101010110001011101111101001
000110011110001100010000111001010001110000000101111000011110111111110011100001001001010
100111101000110011100101100001110010111100111010111010000100111100001101010000000110001
001010101101100101001111000101001000101010101000001001000001100011011100111000101000001
001100110100111101011110100110100101110000111010000111000000000011011011101001011100111
111100010000110000110001101011000001100000001110111111100011101011000011110011001110111
011111101001011111010011011110101011011110001011010101000101100010111010100000011101101
101010110100010101111010101001000101010100001111111110010110110110110001011010010100101
111110111110100101011100011100100000111011111011001111110111011010011110010111000111100
011000101100101100000100001110011010110110010100010101100001101110010011000001100110000
111110110101111000001010000101010101000110101111001011100100110010001100111010100000110
000100100011011001001001001010100000110101111010000101100001010011111010010100101111101
001101101101010001111011011000110011110100100011101111011111111101001100101101111010110
111011100110000110100000010101001011100111100101010001011100000110100110001101000011101
000110100100001000111110111001011100011100110010101011000011000101010001111100111011111
000100100110000100100111001101000111000001001100111011011011110100100011001100011000011
110000011010001111111100100010101101100010000011011100111010101110000110000101110010110
011011111011011100100000110101111010111101100111000000110000101011001000100011011101010
110101110000001011111111001010101011000001011000010101001110110101011001110010110001010
010100010000010101000001000100110101100010010111110111101101010000110010101101100000000
111101100011000010100111000101011111010111101011111001011110001010100111011110011011000
011100011110001010110000111100011111011100010101101010110101101100100010101111011000000
110001000000101100010010001100000100111000011010101110011001001011110001110110001110101
100000101001011010011100100110001111101010100011001110000000100111111001111000001110000
000011110010010101101011100111101010001111001110010000000101101000000110111001010011011
001001000100000000000100101001011000111110001101100011001100110011001101010010111010101
001000000010111011001111000100110111110110100010010110010000011110101011000001011110100
001110010110010110100100100011001100001110000110100110001011000010111110110011101001010
001110000000000110101010001101011100011111100111110111011110000110110100111101110111100
001100000010000001111101000001110110000011111111100010101111110100000100001100101011101
000011011100011000000100011001001001000000010000010100100100110111101000101111101100011
111001001000011100101101010111001000100111110011101111000010100101100110100010011100000
100110010000001010100100111110101100111111110100100000001111101111101000001001101100010
110010000010111001110010000110001110100100011000111101001100001010111110000010010010101
111101001111010100100001100010010001100010000010000010111111000101110000001011000110010
