0100010010001110011101010100011110010010110001000101101001011010010010
1011011101101111011111010000011110111000100111110100000001101110010011
0101110010111101001000010010110000101111110101011101000111111110110001
0110111010000111110000011011010110100011010010111011011011101011101100
0011001101010101110101000111011010111110011010110001111100111010011001
1111001111101001100010101010101100110111001000110001001000100000110001
0101110001000111101001011110111100101110110011111110101110111111111101
0100110001010001100001100011001111100100101011100110110011011010000011
1011010001001101011001111010010111110101100010110100011100101100100011
0100111110110001111001010100101110110001001011110111110110011110111100
0110010001000000001010000110010111111111010111100101010000001001010111
0010100101000110111100100010110001010010101011110000100100100011100001
1110010010000000111000000111101111010000001101111010101111001110000000
1111101010010001100001101101100010111011011111110011001011110011100001
1101001000010001100110100101000000100101111110111110010010100111001011
0111111111000110110011000000111010001100101011110110010110111100010111
0001111101011111001010100010001111110111111111110001001000100000010010
1101100011011001001000010100111000011111110101011000001110111001100010
1110001011111000110110001111011111001100001011111001101001010000111111
1100100000010010001010000000011110011010001000110011010011111000101010
0100010000100011101100001110011100101100010001001001100110011011101010
1100101111000101000000011011100100011011001000001101001110001100001110
0000010110010110100000011110100010010100000100101011100110110010101100
1111001011000000010001101010011001110000000001110001101101100001100100
0001011010000100001011110100010001100101011011101011011011010000001011
1000101001101110011010101011001010111111100101100101010000101000111001
0011111110111000101011110100111110000100101010001101010001111101101100
0001100100001110001001000100001101000101011100000110000110101110010101
0010011001011101010001100010000011110000000111101001000011100101000010
1111101010110001011110011010000100011111000011010011111101010010011101
1100111101001001111110010111000110010001001101110001001010101001100011
1101011111101000101111000011011000110000010101100001011000000110101001
1101100111101101101100100110101001001111010011111000100100100100011011
0000000110111000101000011001100010010100111101000001100010010010001110
0111111111100110100010011100100100011011110010110011001000100100110101
1100110011111100110101110100111101100011011111111110110011110010110110
0110101000100101011111000100010010100100000101111010111111001101110011
0010111110100011111010101111010011001000100001111110111010111101101001
1011111000110100110101000100010010110001010001110000101100101000001001
0011010011100110110001001101011010110010100010011011001000110111111001
1110001110010011110000000110000001100101000001101001000100101110010010
1011101000100110110010001001000111110010001000110110000000001001010101
0000110101011111101101001011001001010000010111001101001110001011111001
0110000000101110110000100101101101011000001011110001001010001101001000
0101101111110111101000001010110010110001001101101000101111111011000100
1110001101111101111010011100111111011110101110000110110001010110010101
0101111111111111101100111100101110111110110110001110001011111011101011
0111111011011111111100010000011010111111010100000000110000111010110011
0011001000001010011011101010100010011101101010100011111001010000101100
1110001111100011000001000111000000010100011001100001011001110100010110
0001001101001111000100101001010000111101010001101000111101011010101110
1011110001100100101111111110111101100001101100001100100011111101100010
1000101101011000001010110000010011011110000011011011001011011010101100
0001100111100011000100001110010100011100000001011110000111101111111100
1001111010001100111001011000011100101111001110101110100001001111000011
0010101011011001010011110001010010001010101010000010010000011000110111
0011001101001111010111101001101001011100001110100001110000000000110110
1111000100001100001100011010110000011000000011101111111000111010110000
0111111010010111110100110111101010110111100010110101010001011000101110
1010101101000101011110101010010001010101000011111111100101101101101100
1111101111101001010111000111001000001110111110110011111101110110100111
0110001011001011000001000011100110101101100101000101011000011011100100
1111101101011110000010100001010101010001101011110010111001001100100011
0001001000110110010010010010101000001101011110100001011000010100111110
0011011011010100011110110110001100111101001000111011110111111111010011
1110111001100001101000000101010010111001111001010100010111000001101001
0001101001000010001111101110010111000111001100101010110000110001010100
0001001001100001001001110011010001110000010011001110110110111101001000
1100000110100011111111001000101011011000100000110111001110101011100001
0110111110110111001000001101011110101111011001110000001100001010110010
