0100001111110100100011011101010010011000100111100010100100001001000100100110110001101110000101100011010101001111000
1000101011111010001010100101011100101011100001111010110011111100001110100111101100010010111111110100101111100110110
0000001111010100000101011010111011011100011111100000001010111000110101000001011100011111101100110001011101011111010
0000100001010000000000101101101111100001111011111001101010010111000001011001000001100000111011110111110110100110111
0101010110001011001000001100000000101111000010101110000101111101010101111100011010100110101100001011001001111001110
0000101111100000101010111010101000101101000010111111010100001000000110000001111111000110001000100011110011010101111
1110010011100111000001001100001011101110101111101110000100100011111111000111110000011100001000100110011111101000110
1010110000011011000110111111101101101001011100100011000100110010110000110101011111110011010101100101010111001100010
1110111000011001001100010000010110010010100011000100101101011011100110101000001101101101101100010100011110011001100
1111011000101111101101110111010100111110101110101000001000101110000101001111100001010110111011000001011101111000110
1100011001000011010000101010010000010101110110001101111100011110100111011011100001110100010011010010101010101011011
1111000110000101000100011001110111000111111101010111110100010001110000010011001101101010001101100011111110000110100
0100100111000100110001010000110001110000111010010011010111110000001101100100110000000011110010100101110101011111110
1010001001011010000000110001001001101110111000111110001010001100100010010111000011110110101111110100011111101010110
0100101101100101111110001011111110010100111001011011010001001010010101111110101001100010011001011001111011110000101
0000101111110010011110110001101100100110111101110100010100000101000110001101110110001001110011000101001000000100011
1000010001001010000101000111001101110001101010111101011001111001000111010010000001111111000001110110111110101111101
0000000000101011000010010010111110000000010111001000001000101001010011101111111111101011001101010010111000000011111
0100110011000011000101000011001000010101001001110110000110100101000001001101011101011001010111000000011110000010111
0010000111010011101011100110101011100110010001000000101101111001011001001010100101001101011010011010101000110001101
1100010100000011010100000001101100110111111010010100111000110101011011010000111111110101111111100010000101001010010
1010001001001000101100100011101100111011110111100111011101000110001101100110110011100101000100110111001010111111110
0101010101100101000101011000011011111010000011101101000001011101010001100011111100110000001001100111001111000101011
1010010111011101010000101000011001100100101100001000100011011110101100010001111011100001000010100111100101010000111
1011111100110010000000110110110100011000001010001000000000100110110111100100110010011010001011101110101101000111000
1101101101000000100100001011101101000101100100100101011100101111110011100100010001100101000001001110010000110101100
0010010101100010111101001101011000111011110001101011110010001000111100101101001111110011001111100111111111001001110
1101000101010111101011000110011011111110011011000111100010001100111100001111110110101111000111101101010101110001000
0011010100011011010111001100010101100110100110011000010010010100000001100100010010100000101110101100011010010010100
1110000011111010010000111011101100010111100010111111110000101101101000000100111000011010000111010011000111001101010
0111011100000111111111110111010010010001001011010110000001100010100110110000110000101010111100111101100010010100000
0101000111010011110011001100110011011000111000011001000101111100000100100000011110000101011000100000110110100010010
1011001010010010010100100001001101101110111100101011101010011011110101100011011111001010010001110000101111101000000
0011001100011100100100110101100110110000000100111110010101000001011101100111111000101110011001001111001110101011000
0101111101001101100111110011100011011001000011110111100010110100010000010000110101110010010101100011100100011001100
1010000011101010101011101011011101100000101011001100100010010101110100000000100101000001000001001010010111001001100
1110111101000100000001101011000110100110010010101111101110110010100101000100010000110101000111011010100010011110001
0010111001110111001110010101110010001010010011000000101101101001001011101101100100010011000110000000011101110010111
0100101011010101000111100011110010001100010101011110111111111010111100100000001000100010110010000000111001010111000
0101110100110000101011000110011000100000101000111010101010011100001110111100101110110001111100111010010101000010111
1101001011111111100011010110110110010001010001111001111111010110011011011110110011011000010101011001001010111100100
0011000100111111010111000011000110001110100100010001010010001011001010100100100010011111100011000010010010011010011
0011001101011111101010011001001110010001000010001110011001011011010010110010011100000000111110011010101010011001011
1010001101110001010001010100100011000010010001111100100101011101011111100010100011101100011101001010111000010001100
1011111011101000110011101001111000111100001001011111101100010000100011101111100100011110010011111110101111000101010
1111001010010011011101100011001000110110100110101111010011000011010011010101001001101001100111110010110000110110111
1111111101000101101001100110010011101001100101000111000101100101101100111010100010110101010101010001000001101010000
0101010000011111101010000000111101100011110110000101101100101101001000001110001011010011001000010011110001001110001
0101111001100110110000111010110111011011101111000001001110101000110110001111000000101001011110101110101010110001010
0000111010110101101011100101011001111010001111110010110011100001011010001100011100111001000000101101010111100100011
1100111100011110001001000011011011101011001011100101101010010100100101000110000111011011000100100110100111101110111
0001010100111010100001100111010110101000110011111010000100101001000110010101001010111001000001111011101011011000001
1101000010110000000110010011010010111111100110010110010011101010101000110010100011000110010111011110010011100100010
0100010000111011100011000110110001000010111001000100101110111010011111100110001001010110000000000101111100001011110
0011000011100100110111000100000010001111101010011010010100011010101011001110111001011011010010110100111100101100001
1000111110111001001101000100000101001110100110111001011000001111011100011100110000100101111000010110000100001010010
0111000000001100001000010011100010111011110001001110110000101000110011011010011000011111000001100000111111001001110
0100100010001010100101110000001101000110101101100100100000001101001111011111000110011011011010110011101010000001011
0110101101001000111110001100011100101110000000111101110010001111100111011111000110111011001100001100111000101110100
0111100110111000100110110000100110111011101110000010011000000101001111000101001011100110100110001111110000000100111
1110110011100110110100110111010110000111011100011001111111100111110100001000101000000111000000110011011010001100011
0101100001100101001011111101110100110001100100110010000101111001010001111100011000010110100000000011111110001010010
0001001111100010000001011100001010001010111001000000111100101000001001000001111101100110011111110011001011001000111
1001101010010001111110100100010011010100011101110101000101111100111110001011010010110111011100000000101001001011010
0010001110110100000000011111011010011010000010101010101010101001011110000000000001110100000010001110111111101111111
0010101100010010010110101111000011110010101101001100010110001101101111101111000000011000100001100011101000110110111
0100001000001000000111010011010001000111110100110100111101010011110011100011011101111101110000110101000101000000000
1110111011101011100001011011001111011011000100101011010101111001110010110101011001011100001010101100101100001011010
0100011010100101110010001100001000000101111111001101011011110001111100010110001100011111001001000010111001001000011
0011101001101010111111101100100011001100100111000010011011110110011000110001111011001110000001010000000111100010111
1100100110001010010001101110101111000111011110100000110000000100011101000101111100100010100100001100111001111010011
0001100100110110100010010000001000100001101001100001100111100100000111001011000110000011110001111000000100110001111
0001100011100011011100000011000000000101100010111100001111101101010000010111110111001011001011110100011110100111001
1100101101001111011001001111110001001101110011011111011101110100010110101001010110100100101010001101010100101111101
1100001001110110110101100001000011000000101110111010111011100001011010011000111100011111101111111011100111001001100
0111011101110101011000110011000011000100000011001001000001110011011101111100011011000011001011110101010010101101001
1100011001101011010111111001011001110101110110100000101100001010000001101010010111010100111100111100100101110110010
1010111100001001011011111101111111101000101000000100001110000111001101101111100100010010000101100010000000101001011
0110110110010010011010110010010111000011001001010101011010011110001111100011000110111101111101110111010000100101110
0110010110010001011110100011000110110101001010000110000001100010001010111110111000100101111101011101100101100110110
0000110100000101010011011011100110000001110100110011100001110001000001011101101000011101101111010010100100010011101
1001010111110110111111010110000010110000100101010010111000010010101101001001100000000111101100011000011011001101100
1001100110110110110011110111101001101011000101101101000100110011101000100100001100001111110100100001101010001101000
0110001101100100101010101010010000101101110010110111011011100101111110000010111010001100011100000000010101110000100
1010001010010001111100001001011011000000110111001111001011100000011111001010001010110001111100110110010011001101101
1010111011100100100111000101000101001000010110100000110110011111101111000110101111110010011010111111111001101001011
1110110101011110110000001011011011100110010010010010111011111111000011111011010001100101100100011110100001011000001
0010000110001001111111010111000100011101010001111111001111101001001010011011001111101010001111001110010011001001001
0111100011001101000010000000101000000011011001000000000100010100011000110110101111101010011001110001111110010101100
0101000101101011001110000000001111100011101110101000101101000011001000010000101100111100100110001000101001110100111
0111111011010110010110101010101101000001001100011000000101100011000110001111101111011101100111100011111110111000111
1110100110010100011011000011111000101101101101101010100000110011000000100010111111111011011011000100011111001011001
0101000001101101001110011011110000001110011011001000101001010010100100001111000010000101011100100111110110011100001
1101000101110111111010101111010011111000110111100001100010000010010011011011011110000001101100100011010100010110100
1111011100011100100011111011101110100001000011001111001011001010011100011011111000101100101011010001010101101010011
0111000010100110110101000000011010001001101011110001101101001010001001011011101111001110100000101000100001001010010
0000100000000010000100001101101001011001101110001101100000110000100100110110100101000111010000010101111010111111100
0101001110001101100001111111101001000000000010001110111100110000101100101101101100001111000110001001011000101001100
1001111000110000110111111110010001111001011111011011100101011110110010000010011010001111001011000001110101010111111
1011110101011011000001110011011001100000100000110101010001011110011000000111001100100100101011101110001001010011100
0101010000111010110100011010001110101010001111011011011011110101110110100010100110100110111010011010011010100001101
1011011111011110111000000111100100010111010101010100111010111100100010101101001001011101101111101110101000110011010
0110101011110111111101101010100011000110101110001001011011101111110110101000000001100100111100001101110000010010001
1111001111011100101010111011010111110101000010000110011110000100101101011110100110010000101111100010000010011001000
0101011110110110101001100010111111011000111010001111100011001110100001001011000001101001101110001000100101110110111
1110111101001110000010111011010010010111000010110111100010000011101011100010100101011111010100110011000010111101010
0101101001100110100101000101000111000100100001101110101000100000110001111101111100010100011000101100110011000010111
0010110011001010000101010101101000101110111101001001000000000000010000110000100010010010111011001011011111001010101
1010101111101100100011000010010011111000111000110011011110101111100110100111010001101111001110111100000101010011001
1111010100011001100001101100011000001010100011010110101000111000110000001101101101101000110011001010000011000001001
1111000000111100111011001000100101001111010001110010010100100101110101101100100110000000000101111011011010111001101
1010110010101000110101101111010001110010001110001000010011000001100100011111011011101101100100001111110101001110011
0101111011011110111101010110100000110101100101000010010010110010110001010110001111011000111001001111100010110010000
0111111101101101011011110010010100000101011011001110110111011111110111110000111100000100011000110010010011100001000
0001010000100011111100110000000000001101011001010111001001011010110011111101010010001111011110100010101010111111000
