0100010010001110011101
1011011101101111011111
0101110010111101001000
0110111010000111110000
0011001101010101110101
1111001111101001100010
0101110001000111101001
0100110001010001100001
1011010001001101011001
0100111110110001111001
0110010001000000001010
0010100101000110111100
1110010010000000111000
1111101010010001100001
1101001000010001100110
0111111111000110110011
0001111101011111001010
1101100011011001001000
1110001011111000110110
1100100000010010001010
0100010000100011101100
1100101111000101000000
