010001001000111001110101010001111001001011
101101110110111101111101000001111011100010
010111001011110100100001001011000010111111
011011101000011111000001101101011010001101
001100110101010111010100011101101011111001
111100111110100110001010101010110011011100
010111000100011110100101111011110010111011
010011000101000110000110001100111110010010
101101000100110101100111101001011111010110
010011111011000111100101010010111011000100
011001000100000000101000011001011111111101
001010010100011011110010001011000101001010
111001001000000011100000011110111101000000
111110101001000110000110110110001011101101
110100100001000110011010010100000010010111
011111111100011011001100000011101000110010
000111110101111100101010001000111111011111
110110001101100100100001010011100001111111
111000101111100011011000111101111100110000
110010000001001000101000000001111001101000
010001000010001110110000111001110010110001
110010111100010100000001101110010001101100
000001011001011010000001111010001001010000
111100101100000001000110101001100111000000
000101101000010000101111010001000110010101
100010100110111001101010101100101011111110
001111111011100010101111010011111000010010
000110010000111000100100010000110100010101
001001100101110101000110001000001111000000
111110101011000101111001101000010001111100
110011110100100111111001011100011001000100
110101111110100010111100001101100011000001
110110011110110110110010011010100100111101
000000011011100010100001100110001001010011
011111111110011010001001110010010001101111
110011001111110011010111010011110110001101
011010100010010101111100010001001010010000
001011111010001111101010111101001100100010
101111100011010011010100010001001011000101
001101001110011011000100110101101011001010
111000111001001111000000011000000110010100
101110100010011011001000100100011111001000
