01100100011000000011010111010010100101110000110110111110001100110100011011100100100101101011000000101011101011010100011000101011001001110010001011110010011110010010001111111010101101010101110110110001100010000001100110001010000100000101110110000011111
10010111101001111010010001011011110000011100101001011011110111110100101111101000100101110101011011101110000000100000011000001100001110011011011101100100100000110001001100100010010000111110000000010100111100101101010110110111010000100010010000100011010
10001101011101001100001000111010001101100000101101000001001000001111000000010000100111110011000110101001111111011000110011111011101011101010111101110001111000110011001110100110011101011101110101001110001010000110111011101101001100000100100101100001010
01000000100111001011101011101110111010010011111010000001001110101000000101100001001000001110100000010001110100001110110000100010101001110010011110101001010011010100010011110011000000000010011101000001111110110001001000011011011100001111100011110010101
00100100000001110001001010000110010100101111111101001110110100101101111010001111110100010000011100010101001010011001100001100011011001100011001000101011110110011110110100000100100001011100011101111101011000010100101001010111100001100000010100010111111
11101000010011101110110001101011111011110101111001001100010111100010000010100111110100111001111000001100100011111101000101010010010111100100111011111001110110010001110010001100101000001000101100101000010000010001000010100000010011000100100100100111101
01000000100010111001000001011000111011111111110010010011110011011010100011111101001010101101110010110100000011010101011010101010000010010100011101001010000101101100100000001110100001001011001111100000001000010010110011111010011011110010011100111000110
01100000001100111100000100111001110110100110111010010000110000111100100110001100111111001001110011011010010000001000011010111010111001001000010010100011001000010110010111100101110010101001101110110111001001110110110010000111001100100010000011010010010
01010010001001000101000101111100100110100000101010100110100101110101100000000100010101011000001010110000000110101101001111100101100100111000010000101010001110000010111011010110000111100011010000010011111010001101010011011011110011110011110000111010111
10100100001100110111000010010111110110101111100101010000001011101111001111011100011111000001101110110000111101110100000101000110001010001111110100000111011000001010010111000010011100001111110011010001001001110000001110001011110001101100011011011100110
11100001110110010100110000001101011010110010111111100000011100101111101101101100001110101110100011000100011101010100110001010111000010101010111100010101100110001001011011000100110010101010010001110101000010110001011110011011110000001000100100001101100
00110001011000001111001100000100001001110001111100100000000110111001111011100001011011110101010100011001100100010011100101001110110110000111100101110010110001100011001001101111100101111101011010011100010110000110000110111011110010010011001100110101110
00010110001001011010001101000000011010101010111011011011111101000001111010001011110011101001101001010010010011100100110011101000101100100001111010001001111001001111011110001010100100011110000010011000000111011001100010100111100000000110011001111010000
01111100100010100010111110000110100011000110010011110001100110101100100110101000110110001100010110100101111010001111100011110101100110001010010000000101010101011000010001001101111110011100111010101000001111001010001110101100100010011100001100100100110
01001111010001011110001100011000001011001101100011010110011011110011011101011110010001011101110111010101100010001010111111000010101000101101111110110001011010011011001110011100111010111000001100001110111011110011001101001110010000001100011000000100000
01001011011010101010010000001010010000001001111110011011010101011011010100000111010111010101000101101101101100000010101000000101011001100110100101110010101111000001101111101111110101111001111010000101011011100010101101010101100110001000110111110001101
01110111000110110000010100011000001011001001100111010000010100000001011010100101001001001011001000101000010101011111101001101001011101000111010111001101111011100010010001100011101001010110100101111111010100001001101010100000111010011000110011001101101
00100101111100100011100101010101001010100010000000010110101101010111101101111001011010001010111100010011000010100001111110101111110001100100001011110001011100001001010000000000111111111001101001010011011110101111000111101000001000110101111000111000010
11010100010111110100100111010010101110110010000010000001100001001111010101000101101111001000000111011000001001110101010101101111101100101001010001101011011000000100101100001000111001100100000110000011001100101001101101011010010101010110100101001011111
10011010110100000100110110001011010001011110001101010010000100101100110001011001101011111100110111010001000100101001110001000111011101100110001000010110000010011101101111111000001011110101101111001011110010011000110000100011110111100111011111110100110
00010100001001000111010111110000100011001001011100010100011111101001111010111010001101101010111111011100011110111001001111110001111011010001000101000010111101010101000001111101010111100010101001100000011000111100110111100100000001111011000100101100001
11000100001001011001101100110110001000111101110010111001100010010000001111011000111000110011001001101111011011000000010011101101011110111001101101000010111101000000001011100010111111111101000100111010000001011100101011110100111000000000001100110111010
00111000000111100000010111010001001000001000111111111101000011001101011101100010001110100101001101000110010101110001001110010000100111001010001001111110100101001011011100100000101101010010010110011111101111101111011000111100100111001010111100000110101
10000001100111101111111001001010010100001110100101011001100000001110100010011000100101011011110000000011010000011011001100100100100110110100001101000110001011010101110010011001101100000100001011111010011111101001101111110001010111101010101011001110111
10011000010001000011101001100011111010111100000101010011101001110001010100001000100100011110000000011010111010001011101110011111110001010001001100101010011100110110100010110001101010001110001001001000111100011111101100111011110100110110111010100010101
11010110100010000110101110110110100100110100110101011101010011101011001010011110011111110111110001100000011010100000011011011001101101101110101101000110010110000100110101001110010011010011010010001110010011001000011010000001011100100100101011010110010
00110101100000000000110011010101101010110101000000111110011000111010001111010010101010111011100011011000111110000111100001111110000100111011011000110111000010011000011010111011100101011100100001110011100000010110011100010101110101101011111000101010011
11100011110000101110111001101000001110001100001000011000110010000100110001100010111100111110010100110001111110111100101011000001100110000101010100111110011001111000001010101011100011111000010110100000111000011010000110011101111001010110011100101110111
01110111101000111001000100010110101101010111101111101110001000011110011111000111010000001100100100101110100010111011111001110100100110110001101101110110000000010101100100000111010000000010110100110100110001100100111010001000111101011011000000111011001
00011000111101000100010001101000100010011000001111010110100000111100101101111001001000111110001011110000111000101001000110110100011001100000000111111000000010010111010011101010101000000011110110111001100100111111110101000001101001101011110001111101000
11111100010001010011010111001001011010001111101001001111011011110011100011101101000111000011101010000001101000100000110001100011011001100101010110101100110111000101000010100100001101011000000011001100110111110001000101111011110010000011110010101100001
01000101011000000101001010100010010001001110101110010011111100011110010110001010000101010010001010010011101111101111001010010111111000110101011111001100000011001100101111111000101101101100101011001000111011010000110110101000001101000101110000000111111
11010111110001000010100011101100010000110110100111100010100101111000011100011011100001111110001101100101100101011001010101100110010100100100001101010100010000010000011011011110010000010010001001111010001110100000011011111001010110110011101100011110000
01011111011010010001000110000011100111001100110001110000100011101111101110001101000001000110001100010011000110010110111000001001001001001010011100110110111001101110110010111001101110110010100101110111101111001111001010000010001101011100010001000101101
00110110001110101110011010111010000110001001011000010010000100010001100000110000111011111101010000110010000010101000110100011111110010110101011111010101100111000110001011110110011101001011110001011110110101100010110111011011110000011011100111000010011
10101001110000000010000101011000011000101100111001101110100100011001011001011101101001001011000101011111100010101100001100001100000010100101010110011001000111111100110110111100111011010011101011010000011100001100101100000100011111101011011110100111111
00010111111011101110100010110110011001100011111011101001100100000010000001110011111110000011011100101101100100101010110110001110000111001001011110101001001100100011110110101110101011011101101100011011001110011100001110100010111000100000101010111000010
10100110000101101001100000001001010010001010010100000010001000010001000100001011111111101111111110011110110010101101011100110010111110101011001111011111101010011000001000100010001110010110100101101000011100101010111111101011011110101011101000110011101
10101111111110000110010011100000100110010001011001100111011011110100010000101101000010000111110101011011011111101111001001110110001101010101110001100111110111010011110111000101001100001010000011010001101010000010010010011000100000100100110111100001001
11010110001100000011010011101100100000100100111111100010000111111111000010011101001101101110100011111111100010000111001111001001110100000011011100010100000001100111111110111001100001101000110111000101110011001001110110100101001001110100000000100111000
01001010010010111001111110010111011101000001011100000110111101011001100000100111111001010101101100100100011001100000100010110100110110110010100100100101110101010001110101111000010110001101000000011001000100100111101011111110111100010110110100000001100
01001111010001100001010111111011110100010001010110100001010000111101111001101010000000100100100010101000011100100111011000011001111011011001010111011111111101000101101011011000101000011111010010101000001100110100000111110111101110010001010010110101010
00011011011011000111000100001011100011000001100101101100111101011011011000011101101110101010011010000000001110000111111011011010010011101010001011001011110011111100000010000101000100001100010110011010000011011010010000010001000110010001101100101100011
00011110010100111000110000101010001010101110100101001000010011111101011001010110010110110011110100010100000011000011011110001010011001110011001001111001101000010011100111111010101110100011110111010001011100111111110110000001000011110000100011100110000
11111111111110111000011101001011110110010011010100100110100100101010000000000000010100100111101100100000101001000110100001001011010110110000101110001011001100111100110010010110010110011111100110100100111000001011110001101010001001010011011001010111101
10011111001111010000111001000000011111111100101000111010011111110001111100100010001010010111101100000110101101010111010001110010110111101101101110011011011000001110001001011100101001100000110010000100001111001100100001010010010111111110010010000000101
01111101101110010001101000011111001110111000010100011010001001010010100110001110001100101111010001100111111011001011111000101010100101000010110010101011101000010011010011100100110001111111100001101110001111111111010101011110010101011101010101010000010
10101000011100011001101111001101100001011111101001011010101010110111101100110001100101101000000111101011101011000010100000010001101101010101101101111010011101010000011001110001100101101011100100000100110100010000011110000001101110001011011110111000101
10010011101011111010011000001101100010010100000001100101011100000111010010000010100101000100010010111100110010010000100100100001000111011010011011111001101100000011100101100010111011001010110111110010101100111001001111110000111000001111010111011010100
01101100011011101001001111001110110110110011000110011100101000010001110010101000101010000110011001110110000000010011000011010000111010011011111110110110001001111010111000111001110100100110001101110010011010101100110101111100001001110011000110011000001
10000000101101000000011000101000110110110110110010000001100111001100110011111111101001100000101010001000100010000110101101101000111111010111111110101011101010001100101111000111001101011010000111111101011001001110001001001110001010111001100111101001101
11000011010011111101111111110101011000000000011101000011001111110111101010111000010011100111001010000111000110001101001111111000000011111101111100000011100000010010011100101010110011101001000110111001011100000011100000011000011111101001101100001001100
11001100000010010000011101111010000110000011011101000111000110101011011000101111110100111100010110111010000111100111100000001110101000000001011000100100110000010111101101000101110101010010011101011101101111000100111100001111010110100011001011100000100
10001100100000100100101001101110000100101010100011001000111010100000000001010001011010011110001001011110000100001101100111111010001011011001101001111100000101101100010110001011000101001101110000101111110000101011111001111101010101011001010111000001100
11001010100010110101000010101111101101111000111100011001111101101000011110111011011011110101010001000111100111010110011000101001000011010000001001100010001011111111110100100100011000000001100110001011011000101001001000000010010010111111101001001011011
01110010000011010010011111000011000010100100000010111010100000111111000110110101100111110110001110110101110111101101110101100100111101010000110010101111000100111101100100100001001100100110111001101110100100000110100011000100111100101101101010011010111
01001011100011000110010110010101110110001010100101100111000101100010110000100001100111101101010111100011000011001000111001010000110011111000001101001111000000000101011011011101111000100001011001000101011100011011011011110000101111110001000100001110001
01001111001010111000100001110011000000101111010010000110000100111111100111011000100111111100011010100110011111010001110100100001001101100011110110011110110110011001111111000110101111100101000101110000110000010101011011110100010100111111111101001000111
10110000011010100100100010101011000001101010011111010110000111110110101100001000111101001110001000011101111010001111011100101001000010011110100111000010010010000000101000110100110111010010110100111011100101110101100111101111010111000000111111000111011
11011100101111011101100000000001101110011010110010111010111011001001101011101110110010010110010010100000010100011010011010011100100010011001010011110001001110111110111011100110011111000111010101100000100111100110010011010001010011001011011000001010011
01010110010101100000111001010010010000110001010100111100001100011111101001100011110001101011000100100001111100111111011010110111101001101011100001000101110010000100110000110110011101001110100111000000011001110001001100110110010111100111000010110000110
01000110110010110110101011000010110000111011011000110010101100010110010011010100001010000001101110110011111100100101110110100010011011101111110000011010010110101000000111000010101000101111101011011000000010100001011011101010111101110001111001101100010
11011101111101100001100011100110110000110101110100011111111000000000100101100010110110111001011010010001001000100101110010111101100110010001011001110111001111001001100100011111000001000101000110000111100111000101001001011011011100100110110100011010110
11000011100100110100010010101111101101111111011101010001011011001001101000100100001001111010010100100010101101000110001110100110101111001111010001001011011000001010110001011011100001100011011110100110111011101101111110011111000001010011101101110001110
00111011011101010011101101101101110100011111100000101011010110010010100010101111001100110000100101111100111000001101011111100100010110001110010000000101010010111110111000011001100110111100110001110010001111001000010100011011100101101110001001010010011
11101001111001000111001100011101010000110101000110110001011011000010111000101000101011001011010011000101101001111001101110011010100011111011101001001111010100010011100000000111011100001101101100001101101110011110110100010101011101010001011000001010111
00100110011000110110000101101011010010010010101110011001111011001101111101101010101100100101100100011101000101010010100110111000000101101101011010000100110011101010100010101000111101110001101011001000001101110000110110101001101100000110011111110101111
00101000111110111110101011000010011101011111010111011001010110010010110010010100001010101010011111001000000010100100110011010101111111101001011101110100011000011100100001100011100010011101100011100110001110001001100000110101111001011100001101110110101
01001011101111000101100100010110011000001100011101110000111110111111011010101001011101011001100111011000010010111000111010100110111011000100111110111000010111101000000010011000010110101110000000001010011111110100110101101011010101000100111110101110010
10001000000110111011101010011001100100100111010011101010100001000111100100001111101101111011100000010000010000100011100010001010111011011111101000010111110101100011110001111011010001011001111110010010100001100101000101010000001000110110000010101011101
11001000011110101100111001101100110100000111010100011010001110010110100011111000001001010010011100001010101001100001001001000100101100100100010001001000100110100011011001001111001111101010010110001101011100000111011111110000000110001111001011100111111
01010001011001110110011010101101110001000000011100000011011000100010010000111111010000100001101010010000110101010100100100010101101101100101000010100111010010101101010110110100110000101110011101000001011101100100111100101111101001110001111101000110101
11001111010111001000110101101011010000010000001011110011010101001001101000010111010000101010111011000011001011111110100001000100010001010111001010001101011100111110111110011110001111010001010111101011010110010101000101000011101000010001000011110011111
11010010011100100111011000111110000110000101000000100100010111100010001000101000001101101000110001000110100101111010110100101100000011011100011011100110000110111110001011010101000011010011100000100001000010011010101111101111000100001110010111101100011
11010110001101001100101000010110001010101100010101111011100110111110101101001000110101000100001110011110000010010110010001000101000010010110101110110010111101101100000101111110101110001101011100101010110000010111111001100111101000101101111100001101101
00100010010000100101110101100100101110010011000100110111010001000001001110001001011111110101011000000101001100001100010010011110110010011001000110011000001000001000001101101100100010000100100000111001010100010010010001011000011111111111111110110110010
01001011011011100101110111000111110101110110001001111010011100001110111101110001100010001100000011000010011100100101000110110101001000100000010000000010000010100000111100100110111110111110100101010100011000011110001100110010110100000100100001001111101
10001111111000111010000001001010010100111011001000101001000101011001010110000011011011111011001010010001010111010001111000100000101101010000101001101001001101110010111001010110110011101001101100011110111110101001111010100000001011100011101011100001011
00001100000010110000101001111001100011001101011010101010000110101010010110000100000101000001000100100000101111010000100111111101111110000111010011001100011101010011011001000000110100101111011110111001100100101011011010100011011111101101111110001000010
00011110000110011111000000001110110111111010000100101111100010001000110110011100100111111010111101000110011100011010101000110010110101100001100011100010110101110100001001101000111110000010101111111000111111110000000000010100101001101010101010010101000
11101101000011000011010110110000101111001010000111101001111110100110010000101001000011100100001111011110100110000011100110010111010100010001001100010011011000101011000000101011101100111011011110010010000100110010001101000101110111111011001000000010110
00001101110111110100010001011000001011001001100000011110001110100000100110110100000110010001100000101010010000011100101001110110100011111111000110110010101101011000011101001111100001001011111001100010111100001001101001010100010011011101001101010010110
00010011011100001111111001110100001111011010011001100110001001011111111001010100000011010100101000110001101100000000100010001100000001011111111111101100010101001111011100011100000111010100011100101011100100100100001010101011001100001011001100100011001
11101101111001010010101111010011000011010011101110001001111000101010110001110011010000000101111000110010101011000000010101000101110111001110010111110000110100001011111100111000110110101000000011101011110010100111100100110111000101110101011000101101110
00100011011111010111001001100010001011100011010001010111110101100101000000011101111000011101110111100101011100010001001101110100100111110000001001000100011111101111000101101110010000000111101000101011110001000110110110000100001100011011100111100001001
11100001110110111011100101000011111101011000000110110011111010010100111001110111101000110010110001000011110101010000110011100001111010101101000000111110000001100001001011110000000001001100000010111010010010010001101111110111100000101100111011111000111
11100110001110000001111001110100101001010111101100111011110010111011010111010101100001011011011101011011101001001100101000101011110011111110000110000100100100001101000011010011100110010001001011101100000001011011010110000100010001000010110111010001001
01101100100100110001010111110101101000001001010000001111010100111000111000010101011011101010000010101001000001011100010101101110100101001010111010111011110101101011111000010001000100111101000101011111000001101101100011111101100001101100010101011111000
10010111101011101111100110111100101101010010001100001100111010110101110011001101000010110000101110100111001110110011001001001011011100011100111110000101011010101010011101110001011100011110100101100000111100001011010101101011100000011001000101001111011
01010010001101110001001011011100111001111100111011011111111100000010000000111000101110000001000000011010010101111010000101001011001010001011010110010111011100100001111011110001010011111111100100101000100100000101000111001001010110110100010001101100100
10110000001000001100110111110111110111110011111001010101001110010101011010000101000001110000000010101101111000011100011000000101100110010110011101000110111101111001110101100100001110111000011101000011111101001111110000010110110100011011111101010011001
11100111010110111000011101100010001111101001111000010010100011100110110100010110010110100100110111000011111100011100111001010000110011110100101110101111000001000001000001101010001010110001101111010111001110010010011011100011110001100001000000001010100
00010111011010100101100101101010000001111101110000100000000001001010110111000001011111001001010011111010001100100000001111100111000111010100010011011110101110110101101101101000100001011100111011100010000100110110001110111010000011010000010011111011000
01001111000101100101100101010000001011100011001011001010110100110101001011010001000111100001100100111010101001101001110010001001011011010110001001100101100000001101110000010111000110010010011101100100100001101110001001110011101011111111000111111100011
01001100110010001100111000000111110011001010110001110101011001100001001110110101101100101000000111000001100111001001001001101001000000100111010010100000111101101101101010100101111110001101011100010011011001000111111100001011000000101111011101000011011
00101000010101110111101000011000110111101001110100001001100011011011101000100011100010101001011011111100111111001110110001100111000100110011011100110110000010010000100101000010000001010101101101011000110110110100101111001100101000011100111111100111010
01100011111001100011100000100111000001010110000110111001110101100101100110101100100010011011101100011001100001100100001110110101100000000010100011000011101001111101000011110110011000101011000100100101110111010011001110011101111111101110110111001110001
01000001001010110011111001100100100100110000001101000110100000001101100011001001100011100001101100011111101001110100010001011010011111000100001110011111011100001110001011010101100000100001011010010111110001110010010111101000100101010011110110111100110
11100010110001011000010001011100101010011100101111001001110111011000000000000010011110011010110100011111001000101000111101010101001110000000011111110100001011011101101101100011110100000111110000111001110111100100001010001011100010101101111101001111111
00011011110110100111100010110101011101110001000011001101001001101010110100100100101100100100110111101011000001101000111100101001001101000000011100111000000100000110010010110110001111111111011010111111000001000111010001101110101110011011011000111110100
11100101000100011010110010101000000111110100000110101100001000001011101000100000110000110110110111110111010001100011001001011010110110011111001000100000001011001010011100010111011010110011011100100000001001100101111100100110100100101101001011101011101
01001110001001110000111000001000100111011001011011010111011000001110000001110001100010001010000101101001010001100010101100000000010000001110100101001110110111010011011110101111011010001000101001100011111001110111110110110110000001010111010101010001000
11000001000010000100011110001001011101110000011101011110110001010000001011101001110101101101110001111000111100111011111011000101101011010110101010000101011101000011111100110001000010101110011011100011000100010010110001000010100110010101110001000010111
10111000000101110101010100010011110110110000001100010011101011100110000010010100001011111011001011111100110111010111101110110101000100001010110101011000100110110100110011110100010000000011001011100110101111010011001100011110101100110001000000110000101
10110100010101110000000010111111100111010000111110100011001011011100001101000010101101100011011111000011011001001101001000100001010001000000110000100110101011101101011110001001011001101001111000011110100000111010000100101001000100111100111101101110100
00110001011011001000111111110100000001101100001010000001011111001000110100001101010011000111000100001111100110110110111101100000110011100110001011010101101101101111011000001010111010100110010100111010100001001010000011000111100111101100100001000001111
10101000011001010010110011110111000000101110111100000000011011111100001010011011001110101011110101100010100011011111000111100010111101011010110011111000100101111001000100101100010110110100111001101011001101000001011111100100010011110010110010010101001
00110000111100011001101000110001110010100110010000011111010111010010000101011111101011001101101100000011010000111100111110101101101010010110111100111101110010100101110101010100100110000001001010101101100111011000000010110101110010100111010110101100001
10101110100011100100110011111001011101110011001110111011111000000001100010100110100100001000001100000001011000001000100101001110111101010010010010010000100010011110011010011011010010001111110010011100100111011000001110001010110010100111011111001111101
10100110011010001010011000000001100000101001111100001011110000010110001111000110000101110100011111011101101000100101010011001100100001101101010000100111010110001011101111100101001010110111011111011101011011111111100101000010111000101000000110001101001
01000100110010000111101001011111001111101100000000001001000011100101111011001000000000001100110011111110010101011111011011110101111000110101100011010000111101011101011001111000111011000110000110111001110011010111111100000000011111001000101110001101000
10101110011100001010101100011000110000000000010011000010010110000110100111100111010011011111000001000011011100101101010100101110011001111100111001000011011100101010101010111110010110001101111011011011000101101010010101010100001000101101011111010001100
00111101100001101001100110011101101111100000001000010101101110001100100011010001010000110111011100110010101110110010111000011101110111110011001100100000001011100111001101001010000000010111100111110000111110111101100101011000010010011100010100010100001
10010110111011001010000000110001010101110110110000111111001011111001000110111000010000110011000111000001111101110000010101110101000001001100110110110100100110110110010000000111101101011000011000010010010001000110111011011011010011101101101111100000101
00010000000101111000000110101001010010110111111101101010001110010010010011100001100000001100000100001111011000101001111101011111100011000010110110001111010101111110010011110001001110101110101011110100111101101000110000010000111101110011101001110101100
00001110100101001111101110101101100001110111011001011101011011101100011000001100100010001000011000001011101001110010100101110100010111010001010110000000010010110101000111010011011111111100011001100011100101010101111011010110001001110001100000011110111
00111000001111111101000010111010011010001010101110101101110001100111110111000111111001100001010100110111010110001011000001100000011000111111110111011101011110101001111010101110000110111000010100110011001010010001011101001001110111011110101001111001001
11110011001010100111010001001010111011000111011000000011111111101001100001110100000101010011010101110010010101111110001001111010100111001111011110111011111010100110000010111000110011010110100010000001010110000011110000010010010000101100001000111011010
11000011100000111100101111011001010101110111001000110010101110011100101000000101010010101011101010111111110100101010010111110001001111010011100000001010101110010001110111101000000110110101110111000001011010000010011101010101000010101000000100111001100
00000100110100100110101110000100101111010001000010110101011001011110000101001010100110010100100010110101011110010111001001111101010111011111101001000111010000100001100111000100101110011010110110000011011011001110000101110001000111011010110111111101101
00100011100011100100111011010101000010011011000001010100000111111111110000011010101001000000110010000011001101100000001000010000111110110011110101110111111111100110111110000010101110001101011101110001001000110001111001111101011011110000010000101011001
00101100111111101011110001111010100000110010110001110101100000001001001010100010010111011101101101101010011011100111111100110100011100000110011100000010010000001010010001001001001001000000101000000010011111011011101101111000100111111000100001111000101
10111011100011001110110100101110100001101000011010110111011011111010100001001111010011110000101110010001111100110101111101000010010001001100111100010001001010011100000010011100101111111000100010000101100111101000110010100110110100010111001101010010000
00100101001001000000101011101101001001101110010101010100100110100111000100011011110010000001000011101001000000101111011111000000100111101100000111001101111111111101111001001011011001101010111101010110010101010111101010001010111000001100001100010111110
11100011000110001110010011100000011110010111101000111110001100100110010001010010001000111100011001011000000111011010010100000110111010110010000110011100011101010111000000000000101011010010111100100100111011001110011110101100110001000101000111110100100
01000000111101010111010110101101101110101000000000001001000110111001101111111010111110010010100110100011000111111111000101001011010111001000100001101101100110011110011101010010110000000010001010010100001000011000000101111010111110110001000010010001110
10111111011100100111000010100011101011100011111000001100000011010100110000010001110000111100100101001000001010010010010000101100001101110110010111000000000101111100010001011101011111101010101111110110001010111100010001010101011000000001001111111011110
10101000101001011111110011010011011000010100100110000010011010100001000100101010100101101110111110110011100100101110001100000100000001110110110110011111111001110110111100101111010111001001100110001111001101000111001100110101100001000110000111011011000
00110001100111100110101111011001001001011100011101101001100110110101111100010111010111110011000010001010011111101010010010011000001010010000010010010000000000111110111111100101101101000000001110100011001011001111010010000111011010110101001011110100000
00001101000100011101110010000111101001011111110001100001100001001001110010010011100101101001010001001100111010111001100111101100000010101000111001000011000101011011111011011011110111100110001101010111100000111110100110110000110101111111111000110101110
11111001010010111011110001000111010001100101000101101101010011010001111100001110000001001100010001110010001110110000101011001010100110011000000000111111110101100001100110111111100111011001001001110101010111011000001100001110100110010000101011011001000
01000100100111001011011101111000100011111000111110100001010000111011001100000111100110011010100101111001001010001001011111010110001001001011011000010010010000100011101000001111010111010110011010100011011100001000011011110011111110001010100000000011100
01100110011101000000111100011000001111001110110011110110101101111101110001110010010111100111110001101010010100001011011110011100111000100111110010110110011011110010000011011010100101000100001000100101100011000010010001011111101101110111111100100100011
10111101000000011101101011000110010010100111011110110111110011010111110111000101011110110001110001010010111011011111011100110111000100010001000000001000001010010000100100110111111011010001000100100110001001110100001001110100110110010110010100100011000
10111100101010110111010101101111101101001011110000010000110011000111001100001001010011100001001100000000010001111000100010011011010010000011000100000101101110011111101010111111011000010101000111010011000111110001000011111111110111001010000010110001111
11010010100000000000110110101001001000101101100111110111101100100100010011110100111010101011110100001010001110111001101110001011101001001000101101011001000011010011110100110011110110001000111010110100111100011001111011010010001011000010010010101001110
01100001111001100010011001100000010011000110010011010100101111011111010001010000011101111100000000001101001001010100110100110100011100010101010001110011100000110101001011110100011010110110001011111010100110111100011011011111110010110100101001011010101
00000110010100111101000101010011101100100000010100110000001001011010111111100010011101101011111001001110010101110100110101110011000010001000001110001100101001101101100010010011011110100000111111001000001001100111101100001110010100001011100111100000000
11111000011101011001001001100000010001011011001011100000011011011100010010100010011100110110011110001111011110001010111111001011000110100000011001000101111100100011000100011111001011100111101000100101100011111010100011111010100110000001010111000001010
01001000010110101010110010111011001111110101010101111100010111110111010110010011111001000100001100001000000001101001111110000000000111101000100011111111100001100111010100011000011110000100010001000001000100100011001011010011011011101010010010100001110
00100100011110110000010001001000000000101000111101110101011011000100110000100101001000011001000010000111101100110110101110100101010010010001010100101110000011010111100100011001010101111111010001001011011011111101010001100111111010010111011101111111100
01110111111011101010000000110011011110110100001011111001010101111011101001001010001100011110101100110001101111010111110011100011110110001010100000011110100010100100101111001001000110100111001010000111011111011011001100000001001010110001101000010100100
11111110001010100101011111101001111011010011110111111110100000100111110011100100101010011011010101111010010100011000010101100000010100010110000000001000100001011011111010011111110110100000100001010100100001010001010110101111011001101101001001111100011
01110010011100111000110111011111111111011100110101110000111000000001100000110000111100101111000101110101000100001111110011111011000000110100100000101000011101000100011101111001011101100011011011110001110010100010110011110001010010101111001010001001110
10010101000010101100000000000111001111000110111011100001011100000010100111110011011100111101101011100010011010100111110000011011100010000101000001010110101100010110000111000010110001000110111001001010100001010011011000001001101010000000110111011111101
11100110000100011110111101001101101001100111000110000110101110110101001001000111001110000010110010100101011000110000100110010110010000011011000010010001101111001000000010011110111110010001100010010011101010001110101101110111110111101000000100110110001
11111101100100110110001010111110010010101001001111101111000100100001100101100101011101010001011100111000101101001100010010000100001010001001100100001000101110100000001011100001101111110000011111110111011011101010001001110000111001010011111011111010001
10100100001100110101001000111100111101010101010111000100010101100001110000110000110101010100100101110001011110100100110010101001101110011001010011001011001010110001000100010110100110010101100110011101100001011100101111011000111000110110000110001110011
00011110100010001010001010010111000111000111111110100101110001010100101010010110001001010001100001010101001100000010111000011101001001010101111100110100011011111100010000001101000111110011010101110101111000100010111111010000111000111011011111100011111
01000000011001001001001101111011111001111100000001001101110010101111010111000010001011101111110101100110110101000110100110011101001010100111110010001011110100000110001000001111001010101001001111101101111000100000000100001110110001110000111101101001000
10001011110100010011111111111000010001100110111101110011111001110100010101101001110001010111100111000100100001010010011111000001011110001001110010010100001010101100100010100110000001000101101011001110100100000000000001111000101010000000001101100000111
00111101011011101110000000100000001111101111111010110001100110111100010110000100100000011101010011000010010101010010110110110101011000111011000001010100011010010111111000011110011000111011000011000101100000001101010110000101001111010010010110111100110
01101100001110011000111000000010011001101111001010111000010010000010011000100001010100110010111010000101111110100100011010010101001000101111011011100100001110000000011001000111010000101110111001000010110001110110000110111011110111110111000111111001000
10111100010111101110110011010010110000101110010100001000011011011111110110100011101110011110001001000110000101110011110111011001001110000010000100001101000000101001111111001110110010101101101011000101000111010111111000100001101101100101000000011111101
10100001110010111110110110010000010011000101111111100010000100110001000010110110110010001110101011101010110000111000111010111001000011100110000111111011100011111101100000011111000010011010001111001001110001101100110111110111010000111011100110111101110
10001110101001010100111011000010001110101100100110000101010101100100111011100111011110110110101001010111011001110110101010011110011000100010000111100100100001001100010101010011111101011011111101100101000001000111010110111000010000101011111001100110101
10011100101000111001000101100111001101100010000000100010011111101010101101001000000010001000100100101101100111001101111010110100000011110000110001111011101001000110001111101001001110010010110001000111011011101010011111110110111110011111001110010101010
00010010000111011000111100010011011100111110000101000110000000100010110000100111011011010011001010101110111000101010000010011011011010010101101101001000001110011001111011111011110001111110011111001010101010101100111000000111100001011110110100111001001
01100010000100001000000010010000010110010010100001000111000101001010111111101101100011011110101010000001111100011111110110010011101110001111010000111010011000010111100001000001000111111110011101011011100000101110111000111001100100000000111000011100011
11111101000001100001100110111100100101101011101101011011010100001101000011000111010000000010100110100101001010100111001000111111110011111000101010011001001001100110101101001010111011011001111100100010111010101010110110011100100001000101111000111101100
00001010011011100101001000110001010101000010110001100111010101111011100111110000111110111010011011101000111011110010100001110110110000100100001001001010011101000111010000111010001011010000100010101101110011001001100110001000010111001011111111000001101
00011011000010000011100111001111011100010110110000101111100110001001000111100001001010100000111011110001110110101111010010111111100000101101110110001111001110111011010100100100111001110001010101000101111000011001111011110100011101010110100000011110001
10101001110110101000001010000100011010110001011011011010000100011110011011000110101110011000000001011110010011011110010011001101110110110011101010000101000010111101101101110110111010011011111000110001100111100010111010100010001111001000011000011010011
01100100001110110101101100001110000010111101001010001011110000100100011100000010101111110111111010100110111101101001101100011000011100111111101000010001011001101110101100001110111000001100100010010100000101011111001110000011010001101101100010110011010
00001110100000010011000111001001010110111101100011101011011110111111010010001100000100010110111100100011000101010000101110010001111101110100111000000011011001110011000011111110001101010110110010100101011000000101100111011010000010011111100010100101000
00011101111011001100001101100100110110111000101101010110110110011000011110001110011100011110010000011111110110100110101011010111110000010001001100001001110101001100001011110000001111111010110101001000101000000111100011001011111111111111111100011000100
11100000101110110011011000110001101001010100010101111000111100001000001011011111011101011100101001101110110011111000100010010101110100101000011100100101110011010011010110011011101111010101101110001110111000110000101101111001101010000100111110100000011
11101001010010110011001001001001000110111001000010111111010001100000000110111000011110001010100100101110101101001001001110000101101001010011110110010000010110010111001000101001110101110110101010010111101001010010100011010111010001111011111100010010101
10110101111010110001010110110111111110110111101000100100110101000010100111000000000001100100001011010101100011010011111110100000111010101100011011100010010011000000111001101000010011001110001010011101100000111110100011010001000010100101100111101010110
10010001111101011001110001000101101000101101011110101000110101010001011001110111010011101111100111100001000101101011001101010110110010001000010110100000110111110010110010001011111010001110111110010010010111100001000101010100101101100000110011101111010
11110001000100011001111010110111011111011001001111010011001110000011010100111001100111001111101010110111001001110010111000000001101001111000000100100010000011001110110110000110011101011100011000110100111100101000001111110011010100111001000000000110101
10010000100000100001100110100001111100011101110101000000101010111000110111100100001101111100010011011011000110110011010000100110011011111111101101010001001101001010111000000111011010011101010100000100001010110111110011110100100000000101010001111110001
10000110000111110011100101110101110110011101010001010100100000111010111010110001111110000001100000000100111010111000111001110011011110100011111101001101011011011001101111000011100100111001010100101110000110000010010010111100100111111100101010011010101
00101111101101110000100001001010101110100010111000101010111110100100001111111100011010000010011011011101001101010100100100100011101101101010001001011111111000000111100000110001011111101010011010101111011110111000110011010101111011110101111011011010100
11110010110110011000010001111100101011000001100010110100010111110101011010101100110010100001010110111100010010011101100010010101011111110110001011010111111101011011101001111001100001010000001010111001011000011011101101101000100000100100101001011101011
00010001000101011000100110111000010000110010000101101101100000111101011001000000110000111100011001101110100011000111000001010011111101110110111100101100101111100000001101011110000001110001000101000101001111011110001001110000100111011110111001011010111
10001111001111111110011110110101010110010101011111011000111001011011000100111111110100100000101001100000010100100100010110101100111011010000001011110000010101010111001101001010000000010010111011001001111101101101001010001100000101000010100000001100100
01100001011001110110110001001000101100001000101011011010101110000110110100001111000110001100001010101101111010110001010000010111010101111101101111000001110101010111000111110100001011110100111110111010000100010011101111100111111110101111100001111000101
10100100010001101111011110000111011111100101010010100011110111000110001010101001100000001011001010011100110001100111000111111010100001101111000101100101000110011111111001110100010101100010111110001100100111100010100000011100101001011000110100010011010
10100000110111010100111100100011011001101011100101101101011110001110101010101011101100111010011000110000001100010111101110100011111110010101111101111000000110100000111100101100001000111101110011100001001110101101101111000111001100010001000110110000100
00000001101001100101110011010000010111001001100010010000011100001001101011111101001100100111011000011110011111110011111110101011011101011111011001111100011010111010011011010100010000111111111000001000010101101010001011100001001000001011111010100000110
10101010100100011111111001110011001110010000011110111100011110110010011011000100011001000100100100010000100000100101010001111011111111000010100110101010000101111100111110100111011000011111101101111011100101010010010111101001110011001010111001000011100
01000001101100110111110000010001010000010001011101010001110001011010101100001110100100010111000011011010111001000011101000110010010000001110111100101101110001100100010100001101011110001011101111000100111100001011011110101000101110101011111011010111001
11101000000111111101011001110010110111000100101000101000001000001011010011001000101000111111110100011000001001001101111100101000001101101000100001111001001111111110111100111011110111001100110000010100110010111100110000001101100110100111100110101110110
01101111011111110100010010110011001010111110101110110100000011001101111100101110110101011110101010010110100010010111100110110011001000010000100000000101111101110011010011111100000111110110000000000100011000110100100111101101101111010100110100110101011
11101000010111001011010110100001000011001110101001000101010111101101100100111010001011011100101100110010011011111011011010000000010110101011110010010010110001100001101111110000010111011010011011111010111001011110001001000000101001010110100011001001101
01010010111010001000101011001100111101100101101111101001001111010000101101001011110010001100010010111011010011101010010100011110010100001010110110001001101111100010110111000100101011101100011001110101100010000111100111110010001011011010011110001010111
10100011110100010101010001000100001110001101101100010110110101110111010011100110110010110101001111111001100111011000001010000001001001100010110101011111010100010110001000011001000111100000011010110100000011100101000100101111100111111110110100001011110
10100101010001011101100000101101011111010001111110000111001011001111010001011101010010001101100100100100101010011010011101111011000000010110001011010010110110011011111101000000111111110000011101101111100011110000001001110101001110000010001011010110011
10111000111101010000001001011100001000010111010010001101101100011000011110100010111000000010111001111010111011010101101110011000000100010101100110101000100111110110110001111100111110010111101000001010111100000011011110111111110101110000011010011101100
00011111000101110101100110000001100110000000000001001001100001010110010100100111111010100011111101011111101101010111000011011110111110011110010110100110111101110010001111100110111011100111110110010101100100010011010000000011011011001011000100011111100
10111111000000101011011000011100010011010011100111111010011110110100011110101111101000011111011110001000010001101000101110011011110001100100000000111100001101110100011001011001011001100000101010111111000000101000110101011110111100000111101001010010011
10000011010111010011001101010111000100110111110010110010000011110011011010000011100101100001100001010011000111111010011100100111100100111100010101110111011001001001101111000110111100100101001101100111111100000000000111000011101110001010010011011000010
00111010011000001101100110100011111101110001001011101001110111001011000110001001010100111011110100000111001001011011001010010010011000101101101110101111111111100100010000000001100101100110100010000111100111101101001011100000100001100111001111000001111
10001111001001001000110100111100110001000100101011110101011100011001000011110011011111101100110010111111011100101011100010001010101111011010000100101100000100011010100000101110010101000111100110001110100011011000011101101001001100010010001100001100010
11001001111110001100011100101100111110101011000011111000011001001000010000011111100001010001001101110000110011111110100010010110011000111000001101111000000000100011000111100010010001010111001100000011110011011010011110000001110111101110011011001110010
00101100000111101001011111000111101011001110001000111111001001000110101010110111001111110100000100110000111111110000000000000001000000001100100010010110001001101000011010001110111011000100110100100111111111101000101011000100101101010101111010000110010
01101001001100111000001001001010011000010000111100101101100000110101001000001100000000110001010011010001100111000010000000111111011011010010011000111111010110001101101110111101001000111011101111101010001101100100011001110010101001101011010000011110001
00100001100000101111011101100000111010000010001011000111001000111001110010100100111111010011101001010111111000010101100101010011110101101000110011100010100011110000001101001100010001000100110111111101110011100001000110011010111101010011001011011001110
10011001111000011111001000100100010010111001000000111110101000100100001111010010001110010011001011110110001101110001111110100001111110100011110101111101011110101110100110000111100101000010101111011010010101000111100110010001000001101111010011000011011
11010000100000100001001010111111011000110000100110001101011100110100010000100111011110001110010111100101110110101011000000101000010010011010001111011111101001111110011110100000101001110110111011111010000111000110101100011001110010010100000010010000001
01011100100100111101100111011011001101010001100101110110110010010000101110111101010111001010001111100100000001101110011101011000001100010000110100101100101010011100101001100110100010111100010010011011000001011001010001110110110101101011110110000000011
01111011110001110110101110010001110111100101111011111010100010011111101100001101010000001011001000001101001001001010101111001111100101010100110001101100000011010100111100110111100100101100010010001100000110101000101100010100011010100111011110010100111
01010000000111001110001110000110111111001101011110011001101100101111101110010111111000001111100110100011001110011011010001110001001100111001010000000010010000000011000001101101111111100000011011001101101000110000000001110011010000011000011011010110001
10110000101111110101001101000011110010110010011001001000000101111101100011000101000101000001000110100001000111101000111101101010101010101010110101100000010011011010000001011101001100010011100001111010101000011011101000101110111110011001010111101011101
00000001010011110000011101001011011000010010011000101000001110111010110100000001000010110010011011111101011111110111000101111001101011100110111010110000111110001011000101000001101011000101100001111111110000011111100110000000001100110011000111000111111
01010001011000110110101100001110101001001101001011000110001111010010110100000111101100010000110101101100100001011010000010100010010001101111100100101100101011110010001011110100101110011001100101001110001100000100000011011111001010100100000011011011110
00011111011010100001110010110111000010000111001110000000111010000110100011111001100001100001100111000111100111101001100011010110011001111010111010010000110000000101001110010111010001011100101000110000010111001001110101011000110111110100110000011000001
01000000100011001111111111010100010111010011111011100110100000011101000001001110010000111010010000000000110111011010000101101110111100011010110001110001001011111101000010100111100110110100000101111000011011010110011011101110110000100111001010011111101
01101001100100000100111010101100010110001101011001101001011100110100111110101000001110010110111100111100000001101101000100011011110001001100100001010001111101100001110010010001100100011111000001000101100001101010110010100101101011111001001011010110100
00100011000101110100001010110100011001101011101000110101100100000100001001111010100110101011111011010111110001110100011101011001110010000111010111101000110110110011010110011011011011100110011000010001100011001101100010100011111111110111111100110111001
11010100101010101110001110000110010000011001101010010110111011110001011010100110010101111110001010011101001001101001110011010001100000110101111010000001010100001101110001010010110100100011011001000011010011010010011000000101100111001111110000011111101
10101011000010011011110110001101001101011001110001011101001000010111100101100100010111010010001100001110000001101111010011110000010000010110000101011000011001111110111110010110011100011010000100001001101011010110001011001111100010010010101011011011111
01100011101000000001101001101101101001110011101101001100110101011110101100110110000010101011001001011110001000110111111010101010100110011000101110001001011111110110000000011100000001110000011100110100010000011101001001011001000011100011111001010100000
00111000011001111010011111101000110111001000000110101110110011110000001101101110111001000001111110101001001010100101101011011001001101011101010011111000010011100111001000100011110110100100110001111100101010001001110011111110011110100000010101100001010
11000000011101110110100110110111001111010101001111001000001010011110111111001000100111101100101111001101101011111000101101001101011000000100011001011101101110011001101001100010010101101011010110110011101001010000000010111010001000011001001000100000011
11100111111111001100110101011001111011111101000110000001111101010010001001000110001011110101100111100100011110000101000000111000110100111011001100011001101110011111110110111100110111101010010011011011000001101110101100100001100110100011010101110111100
00101010100000110110110100000110101001001100111011100101111101100000111011110000110001011101010101010010011001011101101111000110000111111011100101111010001010000100111111110111010111001110100111101100010100111000111000001010101011101011010101000010011
01100110000111001101111110000011100011011100100011000100111011000011101101101110001101011001110001011100101100000000000111101101010101100010101101100010111110100110001000111011010011101011110001100100010110001110001110010000111110001110011000011000010
01011010101100010010011110110010101000101110011011010100110110111101011000011001010101010010110010000101000100011111011111000111010111111011000101111010101110110100101111111101001000000010110100000111111100110000011100101010101010000110100100111011010
10110010111101100110001010011011101001101000101001111100001001111010100101010000001000011100101111110001100010001100100011011100001010101110001010010110100100111000111000001010101001111001010100100010100010111000111101010101101010010011000001010110000
01101001000011110000111000110000000100011100001001101101011010010101000101100001110111110010000110011101011100010001001010101011101011101100101001000101001011010100000101011100111100011001110100001000011010101101101000001010001100001000000101101100001
11011011111110100011000010000010011011001100111000101010001011111000100111101010001101001011111000111111010011000101010000110100101110111111101001000100101011000011110100100000010100000011011110000110010110101010101101010101001100101101011100101101000
01111001111110010001000111110110101001010111000100001100001100111111100111100010101101011101011010100000110100000100101110000011100110101001111111000001111001100001011110100100010111011001111010110001100100100111110010001010010011001010011011000000110
00001000111111011001011010111110001010101100000110000001100001001011000110101001100001011011010111111011010111000010100001111101011111101010100011111110110011110000011001011111011001111101010111011110110010011111100011111000011001011110011000100100100
01010110111100101011010111111010101111001000011010011111011111100101100000011010110000100111000010000000001111101110110010111110110101101101101101111100101110001101010100100100010001000000011100010010111110011010001000100001101010010001001001101101100
00110011000000001100010001011101010111011100100111110001100001100111010110110111001010000000010110010001000001110011000010010110100110010001111010111011010010000110011001000100011110101110101110101110001011100110001101111110110101100110001001111011100
10110001000000010011001111101001110101001110011100011101111011101110101001011010101110000110000011011011110000100010100101100100011111100110000001000001110010101110010001101001110100111001110110111010010011010011001010100110001011111011101010011010101
00000110100101011001001100000010100101000111010100111010101110000000001000010110110000000100110010110010011110101100101111000100101101111011110111000011100010001010111010001101010001111011101010010000101010110111111011111001010101110010001010001110100
00001110110000000011101100111101010100010001111001010100101111011101100100010111110100110001110011000100011000100111100111001001010010110001001001100101110001011111010101001101101001001111011001011111010000010111010001000001101110010010000001001100111
01001011110000000101100111100100100111110001010001111011110011101000010100110111100101010101011010101001111111010111011011000100110010001001011101011100111100000001010111101110010000110001010001010101011001111110011011000010001110001100110100101001000
00000010100101001110100010011000111000011111111001100110110001010101010110010000110110001110110101010111101000001011100111100100111011001000110000111101101011000100110100101101001100001111010000101010100111010110100100001000110111000001010111011010110
00010000011001111000101100101100011101000000011110110111010100001001001001110011111011011010011110111000110001111100111101010000010100100101001101001000001111001011110100101001011011100011001010010101010110000101000101100111100100100101011111111010001
10110100010011100111000011010001010000111000011010000011010010101011111001111010010101010100011110101110110110011100110000111001110011001000101100010000110011010101111010011111010000011101000101011001101000111011000000110010101000101001010100100000111
01010011100110000011101110111110101101001000110111001010010110111010011001010101101010100010011011010100001110000010100100100001010111110101100100111001101111001100110100000001110011110111101111110111011001001011110011111001101111000000000001000111010
10010000100100000101100000101111101101000110101111111111110111010100001110110110111110001011011001111111000110010111000000101110110010000110111100101000111110011001110110110100010110110000001101001111011011001111010111001010010100011100100101101011110
10110100101000011110001111100111101011101011000000110011011001110000100100111111000011100010000111100010111000100111100101000000011110001100010010100100001101111101111111001111111011111101000100001000010000010011110000010000000100100001011011110111110
11001010110010111101001010110111010100101100111110000100011101100110100101110010000101110110101111110110101110011000000110000000010011010011100010101101000101111010011101010101001011101011010010011101011110010011011011100011100000111100100010100101111
00000010010111100101011111110000100111000010100100011011011101011111101100110111111101000010001100111000100010110110110000110010111010001000111100101110000110111010011100001111000011100010110101111010001100001110110100100011111110001000100111101011001
10101110001101010011111000010000101100101010001111110100111000110011100101110010011010111010011111100100100111111100001100111011000011000110100011011111101011001000011110000000001100011011001001100000011011000010001011010110000000111101001001100110101
10010001010000011001000111000010001110100101010111101101001010000010111011010111000011100000110111001000001111110100000100001111101000110111000110111001101010001001101011001100000110110110110011011011111111101100100000000001000110011000111001111100010
00110001010010011011000101000100011000100001101010101110011001011011001111001100010011111110111110101110110010010110100101101011101000001110101010101110100100001000000011010111010001100100100111010011000111100100111011001101011001011011101110100101100
01110110100111010101110010111110000111110111000100101000000011010011111011010100001111000100110101011001100100000110111111001010110011110101101001101111101101010001101011010000010110011000000000000000000010000010001110010110111000101101111111010110100
00011011110110010101010001001100100011000100101111000001000010111011000010010001010001110010110001010101001000011011111101111111111000101000111011100001111011110111010100011111011100101000111110000110101100111111110010111000001100011000100010101101011
00000010111010001110100100111110100010000010000111110011110101100100110001101010000101011101110011111000100111100001111111000011001000011000101110110101111001110110010011011111110000010111011010110110000010111001100000110110011111111001001010010111000
00001100011101101001111101010111110100010111100000000000101001000011101101111001000100011100010111110000101111101011000100011000110010000000111011010001011110110100100001110010100000111000111000111100001101001111010010001110110011000010110111111011100
11011101100010000010011111111001101101010001100010000011101100101101111110011000111000011011101110111010100010000001010010110011000101001000100011111000010100000111000111111101001001110011101100011101000111101111100011011000001110011011101100101100111
11101100001100011010010000001101010101111100100000110110001000010010011010101101001110111010101100101100011011110010111110010111011101110011100110001100111011011001100001000010001001101101011001000011000011101011101010010010011000100011111001011100101
10011110111101011011001110010001010101001000110110111101010010110111011110101000110101000101000001111011110010010111001101011110010100111001110110001011011100011000010110101101110111010111011001000010001011101101100010000001111111010101110101100111001
11101011110101000111010101110001001110000110001000000011011111111110101011010110110101001000011101100010010000000001010000010110010010110011001100011011001010100011001011000011001010011011100111111011011001100000101101110001000001010111110010010010000
10011100100000011010101110111011011101100010110101100011111100001111011111101100001011101010011010101011011111001101100111000000000010101000001011111010010101101110001100111011010000101110100101000101111111011011100101000100000101001100011100010011100
