010001001000111001110101010001
101101110110111101111101000001
010111001011110100100001001011
011011101000011111000001101101
001100110101010111010100011101
111100111110100110001010101010
010111000100011110100101111011
010011000101000110000110001100
101101000100110101100111101001
010011111011000111100101010010
011001000100000000101000011001
001010010100011011110010001011
111001001000000011100000011110
111110101001000110000110110110
110100100001000110011010010100
011111111100011011001100000011
000111110101111100101010001000
110110001101100100100001010011
111000101111100011011000111101
110010000001001000101000000001
010001000010001110110000111001
110010111100010100000001101110
000001011001011010000001111010
111100101100000001000110101001
000101101000010000101111010001
100010100110111001101010101100
001111111011100010101111010011
000110010000111000100100010000
001001100101110101000110001000
111110101011000101111001101000
