01000100100011100111010101000111100100101
10110111011011110111110100000111101110001
01011100101111010010000100101100001011111
01101110100001111100000110110101101000110
00110011010101011101010001110110101111100
11110011111010011000101010101011001101110
01011100010001111010010111101111001011101
01001100010100011000011000110011111001001
10110100010011010110011110100101111101011
01001111101100011110010101001011101100010
01100100010000000010100001100101111111110
00101001010001101111001000101100010100101
11100100100000001110000001111011110100000
11111010100100011000011011011000101110110
11010010000100011001101001010000001001011
01111111110001101100110000001110100011001
00011111010111110010101000100011111101111
11011000110110010010000101001110000111111
11100010111110001101100011110111110011000
11001000000100100010100000000111100110100
01000100001000111011000011100111001011000
11001011110001010000000110111001000110110
00000101100101101000000111101000100101000
11110010110000000100011010100110011100000
00010110100001000010111101000100011001010
10001010011011100110101010110010101111111
00111111101110001010111101001111100001001
00011001000011100010010001000011010001010
00100110010111010100011000100000111100000
11111010101100010111100110100001000111110
11001111010010011111100101110001100100010
11010111111010001011110000110110001100000
11011001111011011011001001101010010011110
00000001101110001010000110011000100101001
01111111111001101000100111001001000110111
11001100111111001101011101001111011000110
01101010001001010111110001000100101001000
00101111101000111110101011110100110010001
10111110001101001101010001000100101100010
00110100111001101100010011010110101100101
11100011100100111100000001100000011001010
