010001001000111001110101010001111001001011000100010110100101101001
101101110110111101111101000001111011100010011111010000000110111001
010111001011110100100001001011000010111111010101110100011111111011
011011101000011111000001101101011010001101001011101101101110101110
001100110101010111010100011101101011111001101011000111110011101001
111100111110100110001010101010110011011100100011000100100010000011
010111000100011110100101111011110010111011001111111010111011111111
010011000101000110000110001100111110010010101110011011001101101000
101101000100110101100111101001011111010110001011010001110010110010
010011111011000111100101010010111011000100101111011111011001111011
011001000100000000101000011001011111111101011110010101000000100101
001010010100011011110010001011000101001010101111000010010010001110
111001001000000011100000011110111101000000110111101010111100111000
111110101001000110000110110110001011101101111111001100101111001110
110100100001000110011010010100000010010111111011111001001010011100
011111111100011011001100000011101000110010101111011001011011110001
000111110101111100101010001000111111011111111111000100100010000001
110110001101100100100001010011100001111111010101100000111011100110
111000101111100011011000111101111100110000101111100110100101000011
110010000001001000101000000001111001101000100011001101001111100010
010001000010001110110000111001110010110001000100100110011001101110
110010111100010100000001101110010001101100100000110100111000110000
000001011001011010000001111010001001010000010010101110011011001010
111100101100000001000110101001100111000000000111000110110110000110
000101101000010000101111010001000110010101101110101101101101000000
100010100110111001101010101100101011111110010110010101000010100011
001111111011100010101111010011111000010010101000110101000111110110
000110010000111000100100010000110100010101110000011000011010111001
001001100101110101000110001000001111000000011110100100001110010100
111110101011000101111001101000010001111100001101001111110101001001
110011110100100111111001011100011001000100110111000100101010100110
110101111110100010111100001101100011000001010110000101100000011010
110110011110110110110010011010100100111101001111100010010010010001
000000011011100010100001100110001001010011110100000110001001001000
011111111110011010001001110010010001101111001011001100100010010011
110011001111110011010111010011110110001101111111111011001111001011
011010100010010101111100010001001010010000010111101011111100110111
001011111010001111101010111101001100100010000111111011101011110110
101111100011010011010100010001001011000101000111000010110010100000
001101001110011011000100110101101011001010001001101100100011011111
111000111001001111000000011000000110010100000110100100010010111001
101110100010011011001000100100011111001000100011011000000000100101
000011010101111110110100101100100101000001011100110100111000101111
011000000010111011000010010110110101100000101111000100101000110100
010110111111011110100000101011001011000100110110100010111111101100
111000110111110111101001110011111101111010111000011011000101011001
010111111111111110110011110010111011111011011000111000101111101110
011111101101111111110001000001101011111101010000000011000011101011
001100100000101001101110101010001001110110101010001111100101000010
111000111110001100000100011100000001010001100110000101100111010001
000100110100111100010010100101000011110101000110100011110101101010
101111000110010010111111111011110110000110110000110010001111110110
100010110101100000101011000001001101111000001101101100101101101010
000110011110001100010000111001010001110000000101111000011110111111
100111101000110011100101100001110010111100111010111010000100111100
001010101101100101001111000101001000101010101000001001000001100011
001100110100111101011110100110100101110000111010000111000000000011
111100010000110000110001101011000001100000001110111111100011101011
011111101001011111010011011110101011011110001011010101000101100010
101010110100010101111010101001000101010100001111111110010110110110
111110111110100101011100011100100000111011111011001111110111011010
011000101100101100000100001110011010110110010100010101100001101110
111110110101111000001010000101010101000110101111001011100100110010
000100100011011001001001001010100000110101111010000101100001010011
001101101101010001111011011000110011110100100011101111011111111101
111011100110000110100000010101001011100111100101010001011100000110
