01000100100011100111010101000111100100101100010001011010010
10110111011011110111110100000111101110001001111101000000011
01011100101111010010000100101100001011111101010111010001111
01101110100001111100000110110101101000110100101110110110111
00110011010101011101010001110110101111100110101100011111001
11110011111010011000101010101011001101110010001100010010001
01011100010001111010010111101111001011101100111111101011101
01001100010100011000011000110011111001001010111001101100110
10110100010011010110011110100101111101011000101101000111001
01001111101100011110010101001011101100010010111101111101100
01100100010000000010100001100101111111110101111001010100000
00101001010001101111001000101100010100101010111100001001001
11100100100000001110000001111011110100000011011110101011110
11111010100100011000011011011000101110110111111100110010111
11010010000100011001101001010000001001011111101111100100101
01111111110001101100110000001110100011001010111101100101101
00011111010111110010101000100011111101111111111100010010001
11011000110110010010000101001110000111111101010110000011101
11100010111110001101100011110111110011000010111110011010010
11001000000100100010100000000111100110100010001100110100111
01000100001000111011000011100111001011000100010010011001100
11001011110001010000000110111001000110110010000011010011100
00000101100101101000000111101000100101000001001010111001101
11110010110000000100011010100110011100000000011100011011011
00010110100001000010111101000100011001010110111010110110110
10001010011011100110101010110010101111111001011001010100001
00111111101110001010111101001111100001001010100011010100011
00011001000011100010010001000011010001010111000001100001101
00100110010111010100011000100000111100000001111010010000111
11111010101100010111100110100001000111110000110100111111010
11001111010010011111100101110001100100010011011100010010101
11010111111010001011110000110110001100000101011000010110000
11011001111011011011001001101010010011110100111110001001001
00000001101110001010000110011000100101001111010000011000100
01111111111001101000100111001001000110111100101100110010001
11001100111111001101011101001111011000110111111111101100111
01101010001001010111110001000100101001000001011110101111110
00101111101000111110101011110100110010001000011111101110101
10111110001101001101010001000100101100010100011100001011001
00110100111001101100010011010110101100101000100110110010001
11100011100100111100000001100000011001010000011010010001001
10111010001001101100100010010001111100100010001101100000000
00001101010111111011010010110010010100000101110011010011100
01100000001011101100001001011011010110000010111100010010100
01011011111101111010000010101100101100010011011010001011111
11100011011111011110100111001111110111101011100001101100010
01011111111111111011001111001011101111101101100011100010111
01111110110111111111000100000110101111110101000000001100001
00110010000010100110111010101000100111011010101000111110010
11100011111000110000010001110000000101000110011000010110011
00010011010011110001001010010100001111010100011010001111010
10111100011001001011111111101111011000011011000011001000111
10001011010110000010101100000100110111100000110110110010110
00011001111000110001000011100101000111000000010111100001111
10011110100011001110010110000111001011110011101011101000010
00101010110110010100111100010100100010101010100000100100000
00110011010011110101111010011010010111000011101000011100000
11110001000011000011000110101100000110000000111011111110001
01111110100101111101001101111010101101111000101101010100010
