01000100100011100111010101000111
10110111011011110111110100000111
01011100101111010010000100101100
01101110100001111100000110110101
00110011010101011101010001110110
11110011111010011000101010101011
01011100010001111010010111101111
01001100010100011000011000110011
10110100010011010110011110100101
01001111101100011110010101001011
01100100010000000010100001100101
00101001010001101111001000101100
11100100100000001110000001111011
11111010100100011000011011011000
11010010000100011001101001010000
01111111110001101100110000001110
00011111010111110010101000100011
11011000110110010010000101001110
11100010111110001101100011110111
11001000000100100010100000000111
01000100001000111011000011100111
11001011110001010000000110111001
00000101100101101000000111101000
11110010110000000100011010100110
00010110100001000010111101000100
10001010011011100110101010110010
00111111101110001010111101001111
00011001000011100010010001000011
00100110010111010100011000100000
11111010101100010111100110100001
11001111010010011111100101110001
11010111111010001011110000110110
