01000100100011100111010101000111100100101100010001011010010110100100
10110111011011110111110100000111101110001001111101000000011011100100
01011100101111010010000100101100001011111101010111010001111111101100
01101110100001111100000110110101101000110100101110110110111010111011
00110011010101011101010001110110101111100110101100011111001110100110
11110011111010011000101010101011001101110010001100010010001000001100
01011100010001111010010111101111001011101100111111101011101111111111
01001100010100011000011000110011111001001010111001101100110110100000
10110100010011010110011110100101111101011000101101000111001011001000
01001111101100011110010101001011101100010010111101111101100111101111
01100100010000000010100001100101111111110101111001010100000010010101
00101001010001101111001000101100010100101010111100001001001000111000
11100100100000001110000001111011110100000011011110101011110011100000
11111010100100011000011011011000101110110111111100110010111100111000
11010010000100011001101001010000001001011111101111100100101001110010
01111111110001101100110000001110100011001010111101100101101111000101
00011111010111110010101000100011111101111111111100010010001000000100
11011000110110010010000101001110000111111101010110000011101110011000
11100010111110001101100011110111110011000010111110011010010100001111
11001000000100100010100000000111100110100010001100110100111110001010
01000100001000111011000011100111001011000100010010011001100110111010
11001011110001010000000110111001000110110010000011010011100011000011
00000101100101101000000111101000100101000001001010111001101100101011
11110010110000000100011010100110011100000000011100011011011000011001
00010110100001000010111101000100011001010110111010110110110100000010
10001010011011100110101010110010101111111001011001010100001010001110
00111111101110001010111101001111100001001010100011010100011111011011
00011001000011100010010001000011010001010111000001100001101011100101
00100110010111010100011000100000111100000001111010010000111001010000
11111010101100010111100110100001000111110000110100111111010100100111
11001111010010011111100101110001100100010011011100010010101010011000
11010111111010001011110000110110001100000101011000010110000001101010
11011001111011011011001001101010010011110100111110001001001001000110
00000001101110001010000110011000100101001111010000011000100100100011
01111111111001101000100111001001000110111100101100110010001001001101
11001100111111001101011101001111011000110111111111101100111100101101
01101010001001010111110001000100101001000001011110101111110011011100
00101111101000111110101011110100110010001000011111101110101111011010
10111110001101001101010001000100101100010100011100001011001010000010
00110100111001101100010011010110101100101000100110110010001101111110
11100011100100111100000001100000011001010000011010010001001011100100
10111010001001101100100010010001111100100010001101100000000010010101
00001101010111111011010010110010010100000101110011010011100010111110
01100000001011101100001001011011010110000010111100010010100011010010
01011011111101111010000010101100101100010011011010001011111110110001
11100011011111011110100111001111110111101011100001101100010101100101
01011111111111111011001111001011101111101101100011100010111110111010
01111110110111111111000100000110101111110101000000001100001110101100
00110010000010100110111010101000100111011010101000111110010100001011
11100011111000110000010001110000000101000110011000010110011101000101
00010011010011110001001010010100001111010100011010001111010110101011
10111100011001001011111111101111011000011011000011001000111111011000
10001011010110000010101100000100110111100000110110110010110110101011
00011001111000110001000011100101000111000000010111100001111011111111
10011110100011001110010110000111001011110011101011101000010011110000
00101010110110010100111100010100100010101010100000100100000110001101
00110011010011110101111010011010010111000011101000011100000000001101
11110001000011000011000110101100000110000000111011111110001110101100
01111110100101111101001101111010101101111000101101010100010110001011
10101011010001010111101010100100010101010000111111111001011011011011
11111011111010010101110001110010000011101111101100111111011101101001
01100010110010110000010000111001101011011001010001010110000110111001
11111011010111100000101000010101010100011010111100101110010011001000
00010010001101100100100100101010000011010111101000010110000101001111
00110110110101000111101101100011001111010010001110111101111111110100
11101110011000011010000001010100101110011110010101000101110000011010
00011010010000100011111011100101110001110011001010101100001100010101
00010010011000010010011100110100011100000100110011101101101111010010
