0100010010001110011101010100011110010010110001000101101001011010010010101011000000011110100100011010010
1011011101101111011111010000011110111000100111110100000001101110010011111110000000010111010010101100101
0101110010111101001000010010110000101111110101011101000111111110110001001100011111010011111100011010010
0110111010000111110000011011010110100011010010111011011011101011101100111100000111001010100101001100111
0011001101010101110101000111011010111110011010110001111100111010011001000000100110101100100101011000011
1111001111101001100010101010101100110111001000110001001000100000110001101010110000110011110100100100111
0101110001000111101001011110111100101110110011111110101110111111111101101001100000000001011010101000100
0100110001010001100001100011001111100100101011100110110011011010000011110100100100101001010110001000001
1011010001001101011001111010010111110101100010110100011100101100100011000101000000110010100001001000100
0100111110110001111001010100101110110001001011110111110110011110111100000100010100100010101011010001001
0110010001000000001010000110010111111111010111100101010000001001010111001100101101000110100100000001110
0010100101000110111100100010110001010010101011110000100100100011100001001001000000000011111101100100001
1110010010000000111000000111101111010000001101111010101111001110000000000010001000000100101110011110010
1111101010010001100001101101100010111011011111110011001011110011100001010001101100110111111010001100111
1101001000010001100110100101000000100101111110111110010010100111001011100111001000111101000111001101100
0111111111000110110011000000111010001100101011110110010110111100010111010010100110010011111111111011111
0001111101011111001010100010001111110111111111110001001000100000010010101101001110001000011100111100111
1101100011011001001000010100111000011111110101011000001110111001100010110000101001000101110000100110100
1110001011111000110110001111011111001100001011111001101001010000111111101100100111011110010000110011101
1100100000010010001010000000011110011010001000110011010011111000101010100111000001000101100110001101110
0100010000100011101100001110011100101100010001001001100110011011101010100001101011010000101011100011110
1100101111000101000000011011100100011011001000001101001110001100001110101001011101111001111111011000100
0000010110010110100000011110100010010100000100101011100110110010101100101010101010000100101001010011010
1111001011000000010001101010011001110000000001110001101101100001100100111000101001010011001001000011101
0001011010000100001011110100010001100101011011101011011011010000001011000101110100001011100100111001011
1000101001101110011010101011001010111111100101100101010000101000111001000100000000111000010111111100100
0011111110111000101011110100111110000100101010001101010001111101101100100110010010101001001100100101010
0001100100001110001001000100001101000101011100000110000110101110010101011111101010011101001001001100000
0010011001011101010001100010000011110000000111101001000011100101000010100001100100011110101100000110011
1111101010110001011110011010000100011111000011010011111101010010011101001000110111110000001011001000111
1100111101001001111110010111000110010001001101110001001010101001100011110000101001001000101111000111010
1101011111101000101111000011011000110000010101100001011000000110101001011100011011000011110110111010000
1101100111101101101100100110101001001111010011111000100100100100011011101101110110111100100110011000010
0000000110111000101000011001100010010100111101000001100010010010001110011111001111001100111100111010110
0111111111100110100010011100100100011011110010110011001000100100110101101101101001000100111011010001110
1100110011111100110101110100111101100011011111111110110011110010110110111101001000100010111001010101110
0110101000100101011111000100010010100100000101111010111111001101110011010011011000011111100010010010100
0010111110100011111010101111010011001000100001111110111010111101101001001110011010001001110000100000011
1011111000110100110101000100010010110001010001110000101100101000001001000111110110001000000000100111110
0011010011100110110001001101011010110010100010011011001000110111111001001100111110011100100000011100111
1110001110010011110000000110000001100101000001101001000100101110010010011001111111011011100011110110111
1011101000100110110010001001000111110010001000110110000000001001010101101000100011011001110100110100010
0000110101011111101101001011001001010000010111001101001110001011111001001001001011011000101100111110000
0110000000101110110000100101101101011000001011110001001010001101001000110110000001111100011000100101000
0101101111110111101000001010110010110001001101101000101111111011000100101010110001000101101010110111100
1110001101111101111010011100111111011110101110000110110001010110010101010100110111001001000110101001100
0101111111111111101100111100101110111110110110001110001011111011101011011011101111010011010100010000011
0111111011011111111100010000011010111111010100000000110000111010110011011101010011010001101001000011011
0011001000001010011011101010100010011101101010100011111001010000101100011110010111011101101001101001000
1110001111100011000001000111000000010100011001100001011001110100010110111000101010100101001110111111000
0001001101001111000100101001010000111101010001101000111101011010101110001111000000010100011100111010001
1011110001100100101111111110111101100001101100001100100011111101100010110011001110110100100111111110101
1000101101011000001010110000010011011110000011011011001011011010101100010111011111010011001111011011000
0001100111100011000100001110010100011100000001011110000111101111111100111000010010010100111000100100101
1001111010001100111001011000011100101111001110101110100001001111000011010100000001100011101110100010001
0010101011011001010011110001010010001010101010000010010000011000110111001110001010000011101001010100001
0011001101001111010111101001101001011100001110100001110000000000110110111010010111001111000110011010011
1111000100001100001100011010110000011000000011101111111000111010110000111100110011101111001101101011110
0111111010010111110100110111101010110111100010110101010001011000101110101000000111011011001000011011010
1010101101000101011110101010010001010101000011111111100101101101101100010110100101001010010100000110110
1111101111101001010111000111001000001110111110110011111101110110100111100101110001111001001110100010001
0110001011001011000001000011100110101101100101000101011000011011100100110000011001100000110010110001101
1111101101011110000010100001010101010001101011110010111001001100100011001110101000001101100000011100000
0001001000110110010010010010101000001101011110100001011000010100111110100101001011111010100111010000000
0011011011010100011110110110001100111101001000111011110111111111010011001011011110101100010001011101110
1110111001100001101000000101010010111001111001010100010111000001101001100011010000111011101010101110001
0001101001000010001111101110010111000111001100101010110000110001010100011111001110111111111110000100010
0001001001100001001001110011010001110000010011001110110110111101001000110011000110000110011001001101101
1100000110100011111111001000101011011000100000110111001110101011100001100001011100101100100010010101001
0110111110110111001000001101011110101111011001110000001100001010110010001000110111010101101010111100110
1101011100000010111111110010101010110000010110000101010011101101010110011100101100010101111100101111100
0101000100000101010000010001001101011000100101111101111011010100001100101011011000000001111000001110111
1111011000110000101001110001010111110101111010111110010111100010101001110111100110110000001001010010001
0111000111100010101100001111000111110111000101011010101101011011001000101011110110000001000010100101000
1100010000001011000100100011000001001110000110101011100110010010111100011101100011101010101100110010000
1000001010010110100111001001100011111010101000110011100000001001111110011110000011100001010100000101001
0000111100100101011010111001111010100011110011100100000001011010000001101110010100110111100101011001111
0010010001000000000001001010010110001111100011011000110011001100110011010100101110101011001001101110100
0010000000101110110011110001001101111101101000100101100100000111101010110000010111101000110001100110100
0011100101100101101001001000110011000011100001101001100010110000101111101100111010010101101000001011101
0011100000000001101010100011010111000111111001111101110111100001101101001111011101111000011000011010100
0011000000100000011111010000011101100000111111111000101011111101000001000011001010111011000101111101000
0000110111000110000001000110010010010000000100000101001001001101111010001011111011000111101010100010100
1110010010000111001011010101110010001001111100111011110000101001011001101000100111000001100110101011011
1001100100000010101001001111101011001111111101001000000011111011111010000010011011000100100110001000100
1100100000101110011100100001100011101001000110001111010011000010101111100000100100101011110000000100001
1111010011110101001000011000100100011000100000100000101111110001011100000010110001100101111010000010101
0110011100010111010101011011000100001100110011111100101111101010011001110101110101110110111011001010010
1011110011111101010111101000101111111101111010011001011100000111011011110010101100111111010100011001001
0110011100010101111001000100000101110100010100100010010000010100101100110001001010000111101011000001101
0010001001011101100011110011111001110000001110011110111101101000011101111010010110100011010101101101001
1011110100111011100101001110101111000000011001100111101011011001001000100011100001011000101001001110000
0100001101001111000111000100011110101000100011000101101010001101011011000100000000111011010001001111101
0001100011010011000011110101011000110000100000011001100101000001100100001000111001000001011110010110100
0100011000010001111010001110000101000110111111001111011001001100010001100110011001110000001000011100000
1010100001001001101001101100000111111001111010100111100110100111100011001010100011000000100001100101011
1111101110001111100101001101010111000001001001001111100011100010110101110000110111011001101110100101101
0101010000011110110100000111101000010011111110000101010100010010111111110101011001000100001111111000100
1010000000001001011010110000101101001010101010010111101011111000010000111010011110110011000111000001101
0000000001100011001110111010001000110010000111011100100001100100100110100101100101010000111010011010001
0101011010100111111111010100010001111011100011000001010001010100100101110000111110101010010011001110010
1011110000101101100110101010111011110111110000110000000011110000101001010000100000010001000000010000100
0101110101010101101000011000110000000101100000110011011110001100010110011001100100010110111010011011000
