0100010010001110011101010100011110
1011011101101111011111010000011110
0101110010111101001000010010110000
0110111010000111110000011011010110
0011001101010101110101000111011010
1111001111101001100010101010101100
0101110001000111101001011110111100
0100110001010001100001100011001111
1011010001001101011001111010010111
0100111110110001111001010100101110
0110010001000000001010000110010111
0010100101000110111100100010110001
1110010010000000111000000111101111
1111101010010001100001101101100010
1101001000010001100110100101000000
0111111111000110110011000000111010
0001111101011111001010100010001111
1101100011011001001000010100111000
1110001011111000110110001111011111
1100100000010010001010000000011110
0100010000100011101100001110011100
1100101111000101000000011011100100
0000010110010110100000011110100010
1111001011000000010001101010011001
0001011010000100001011110100010001
1000101001101110011010101011001010
0011111110111000101011110100111110
0001100100001110001001000100001101
0010011001011101010001100010000011
1111101010110001011110011010000100
1100111101001001111110010111000110
1101011111101000101111000011011000
1101100111101101101100100110101001
0000000110111000101000011001100010
