01011100100100000100110111110111101100111010110100110111010101000111010010010110101011111111010111110011111000001001011110110110110100100100100
10011110110010111101010111101001110101100110111110110110001011111100100011110001100100011010000101001111100011000110110100101100100010101011100
00000100111110101101100101011011000010001100110101111100100111001101001101101001101100010010011110010010100101101000000101101001011001000111111
11000011100010011010010000111011100101111000111010101110010001110011110010010001101001011000110011011011101010101110011010001100010110111010111
11000010010011010010100011001011001110100101011001000000011010010110101101000010101100110111100011010100100100110000000101011110111011010011001
11100010100100101101101010111100010000010010000001000110100111110100000010110101000011111000000100100001111101010111110010101110000010111110011
01011100010111010011101000011001001111000100001100000110000000101001011001000110000010000110010011011010101001000101000000011101101111110011111
00010000100011011000000110000111100001001000010000011011001010011011000011100001011000111001011111101001100100011001101111111101110010111110000
11110101010101011110010000001110100000010010001011001000110010101011100010110001000110100010100110000011100110101010110010100000110100100011000
01101010101100000100000100011111011000011011000001000001111000000110100000110011100101001010100100110101110110010001010001111110111010010111101
00100000010011111100110000100001001010000000010110110101011011101000000001110111110101010110011110111001010100010001110011000011111111000110000
10100110110011010110111110010010001110100000001011010011000110000101101101110110001000011101110001001110101100100100101001001100100101111011101
01111011001101001100100010000111110100011001101100000011110110000101000110000010011111100111100111010011100111011110010001101111101000011001100
00001011101110010010111111010000000010000011100101011011001010001100111001100000111100100110010100111110101011001101010111011010010101100110010
01100100001000001010110100101101010001101111001100010101010011001000100000100000101100010111110000100000100000100111101111010110100000010010101
01011011101101000010100000101010001000011101000010101011000110101011011000010111110000100011111111010010001000000101000110000001110110000010100
01110101101010100000111010011011001000101110111111000110000100101001011000101101010101011010100001000110011001010010100001101110110101110111010
11100100111110000000111000111010011000111101000000111100110100100001101110011000111111000001101001010101110000111110010001010000101010100010001
00011010100101110001101010001111011110011011010111010100011001000000110011111011011100110010011100010001000111011011001111000100111011000101111
01100110000000000010001101000011101111010101100010111000001010000001010001001011100111011111000001011100110001011000010000110101001010110011010
10101110001111111110000001001000010101101010001011101001000000001111011101110001011111101010010010100010011111111001011111100100100001110111000
11010000101101101100000111111010101101000100101011111110010001000010001111010001000101011101111110000100110001010111010010111000001101111011100
00000110000101001111000000111001001110011011111110110011000110001010001000111011011100110000011011010001001110100100111101010100000001110110111
11100001010101100001010010111100111011110101001110011111000001101000011001011010111110100010000110110011011111000010010111101011001110000101100
11001101000111001010010101001101001110010101010111010101000000001001100011101011100011000011100010010001000010010000000001101101100000111100001
11101000000001000001110010001011110011010001100000000000100010011101000101010011101101000011011110001010010011100001111101110010110001110110111
11010100001000110100011100000101000001111100000111110100101011001010111001011101001001100000111001110011101100111011101111010000001001110011111
10110110010101001100011100001010000100111010001010101010111110001011111010100110111111001111010110011000110101010111110000001001101010010011000
01111110110000111110111111010110010111000111110001101111011010101101100100010010010000111100000110011000110101001001101100010100101010100111111
10000101110010100010000110101001101001101111011110100100000101001100001111001010101110110001100101011011001111011110000011101011110111111010100
10111001110110011111010001011000010001010010101001111010111100100010111001111100101100010001010011101100111101001101100100010111011101110111000
11111011011010101011001011100100010110001100111011101101101001010001000011101101010011110111000101111010010111000110001011111001111101111010101
11010001100010000001010101000100010010101111101011101101011101111001001010011110001010001010101000100111100011011100101010010010001011000111001
01000100010010100110100101001011101010011010110001010100100100110001010100110011010101110000000011100101100001110010010111101010111000001000010
10001010011100011111011110000100010110111011100101111000000111111111000001010101111110101111111101001101001001101000110001010100001100111001100
11011010000110000011111010011001001001000101001001010000011101000110110010101010100001110000000000100110111110000100111001000001100011111011100
00101010001101000011001111001001111000100101101110101011010101010100101000111111111100000010100101100000011111000100100111110001010000100011001
01010011000000100001110101101110000100011000111011000110010100110010100010001101000110100000010100100100010101010001111101110010101100011001111
11011000000100101100100100110100101010000101011011101001101000101111111000111100111011100100111001000111011010000100011000101110010011010100000
10010100110010010111001111110010011001000111111110101011111100001001011100110101110001101000011001000110101100110110111101100001001100001000001
10110001010010111110101000110101111001000101111010111000111111111001111111110111100111101110101100110010100110101000110100000111011010111111001
01101010000000111101010110101101100110111001110101011111000011011010101001001100111010011111000101000001000000010011101100000110110110000111111
11000100110001101010101000011110111000010001000000010010110001111110110011111101111011100000001111011100101011111001111110010110011011011000001
00001000010011110111001111001100101110111110100110111010011001111110101111011010001000000100100010110010010101100100000101111111111001111011000
11110000000011001001011001001011111011011101011110000011101011101110000101000001110010101100011100101010100011111100100001111100010011000110001
11111001001000001010001010001101010001111100100101010001110101011000111001000001001000111001001011001111101100001000101011001001110011001110000
01011010100110101000111100010111100111111000100001101101000001100111101111111001100111111110010101000101111001101111011110011011111000001000010
11100010001011101010001110100100001010010101110010101111000011001010010100000100110001111001000011110111111010111001001110011111110000000110100
01010000101100011011111110110101100011111001100101011101000110101011101110010100110000110110000000000110100001001111110111010101001000010011000
00101100110101001010110010101011111101100100011010000010100110111100110111111001100100010101111100110011101101011001001111111100011101111011101
11110000001000010101111000111111101010111001001100000011001001010001011110000110111010001000011110001100110110001101000001011111110001000110000
11100001001101100111011110100010011100001111010010000001001011101000010101001010101000000001111111101111010000100011111000100010001000010110111
00110001100001010101110100011011101010111101001110000011011010111110100000100000110111011100011110110101000010101001110011110111001110010110101
11110110001000101110010110101101110001000100001110000000110000001001111011010011111011001010110100001000010101100010110001111010000000011000001
11010111000111011000011100011010000011010111100101101001000111010000001111110010001101110111001000000100111111101100001101111000110001000111111
10000001011111110000101110001001100010110100111110111010000110111010111011010010111000000000111010110110000100011011100110010110100111000011011
00100100110010000100000001110011010000111010110001000100010101100110111011100110111100011110100111011001000000010011010111011010000101011101011
10011000111010100110010000011010100111011011010000001100101101100000110100111101101010010101010110010100110100010110011000011011100000110010101
01001001011001000011000000111011100100111001100000111000010000001110101001101110110011010110111110011110000000011101000100101111011011111001001
10100100000110011100001000010110111111011000010011000011110010000010001111000010110010100101001111101111111010000000010110111001011001001010100
01101101101111110001001001111000001000001100100111011011000100001111011101111110101010111001000000111000001100011111111011111101000011110110010
11110100001000100010010100100101101110001111111100110010110000110100010100000101101010110101000011100111010110111101110001101101011101010101100
01010110101000011100000100001010111001101011101011011001110001001000011010000111011101110000011000101111110000010101001000101011010100100000110
01011101000000000000000001000001111011001111010001101011000001001111000001011011111010001010000010111110111101101010101101110001101000101110111
01100011101001111000101111111100101000111111110111011101001010110100000111001111010011111001001011000110011100110001001100001110111001001101000
11101100010111000000100001001100001110100011101001001000101011011001000000011000010000010001110101110001010101111000100111010101011111001101110
10011001110000010000111000110010001101100111101110001001101110010000101011111100110011001010110110011100010000000011101000010111100010110011001
10110011100110011101100011011001111000111000001010100100000010010100010001110000010100000011001111001101111100101010110110010011111001111001010
01011000110101100110000010111010000111101111011011001101111000000010001010010010100101101101011111110001000011101101010011101100000011111011110
10010010000001011011100100110010010100111010010101110101110011100001001011101111011010011111000011100001011100101111110011100011110111001100000
00101010000101011100111100110110100010111101011010100111101110100010110101011100111101110000100010000011011110000001001010100111001101101111000
00101000000110000100110001001100010000011001101111110010010111001000001011110001100110000011111001101010100100111101011001100011111100111010101
11010101100010000110010010010101100101001011001011100111100100101010110100011100101010011001111110011101010101110010010100011111101011000001001
01101011001101000011110111100111001000001111111001010111101110011011011100001100010001110001100001010011001001100001000101110100010011001111011
01100101111101101010101010010011010110111010001001001010111010000011010100001111000101100010101000010001100001000111001111110011111000001110111
11010100111100010110111101101010111010111011001011000111010010010111101110000010100111111101110101010010111000011000000100111000010111110111010
00100000000000001111001110100111100111100111001001010000011010011110011011100011111000101100111111011010001100001100110011001000100100100001001
10000110001100011000000000110011101011111110000110100000111011101010011011100010100011110111101110001001101011101001010111101101001000110101101
10001010011110010011001111011100110110001001000000110111101110111000110000111100100001111001000111001111100100000110011110011100100111100101110
01110101111000011011111011100001011011011010111001000100010001111000010100101000001011111110101100000011010001100000100110001110010010111010000
11111000011001110101000111010110001110111110101111111101111111010010101110011110000011001101001110111100001101100010100011010001110000000110010
00000001001011011110101100011001011010110110100110101101101100111111011001001000001110100111011101111100011001000001101011110010001100111110001
10111001000111100110101101110110101010100111010000110111110011110000011010001001010111010001001101010110111011001001111101001100101110000001001
01101000111011101111111101010110011011001000001001001010100000100001101100110000011001111010100100100011100111000011111001000011100100000110000
10000110100010000101100110010101101001101110101000101100011111011010010110010101111000101010001001101111100101111010001100001111001111010000100
10010100011010001101110011110001010100111010001100001110001000101010101001110111101100101100111010101101010111000101011110110101101111111110101
10001101100011010010101100101101011101111010111110000010000111101000101001111111010111011111000111100111110100000000101100011100111100100100101
11111101001100101011011000001111010100000100011111001010111011101100011011010111001100100111111100110110101101111001011010010010001100111001010
11010101010100001001110000011000101000011100111100101100100010011010110010011011100111100111100011100111100110010100000111101111111110101011110
10001010001111100001010000011001001000101101101011001010111101000000110000011101110001111010001001011100010110111110110010001011111100010101110
11101010111011111011100111010001101010001100001010000110101000010011010100100101010110111100011110101111100010001000000100100011000010000011000
10001001000110110101010011010111001000000100010101010010010111001101110111010110111000111000001011101000111101100100010000111001101100100011011
00011000110110111100010010100100101010101001000001010101101000000110001111111101000101011000010111111011011100001111000011010001011001001000000
10110011001101110010111001110010001001110000101001111101011000100110100110011000010001010010100011011101000000101110000100011101111110100111100
00100001001000010110011001100000101000111010110001111011001100101001100110101101111011010111000100111000101101101111100010011100001010010101000
11100101111011010010010101011101001011001110101001111100111100000111100010011111111100110010101001010110001110010111101001000011111000111001110
10111011101010010000111111011010010000000011010100111001111101011011111010001110100001101011110000000010001000100111111101100000111100010001111
11011011000110011101001000100111011010110110011100010000100101001101110101011010011010101101110100110110101111101100110001001111101010000111100
10000101011001100000100100100011110111001001100101011001000111110100110100000000110111111011101001010101100011100011011111000001110010110101101
10111010011011010111001110111101000000001011000101001001111010010110100011111000111000010100111101101101101000001000000011101000000110011110100
01010011001101000001000001011111001000000010110000110100101110110011000110001110110011000111111000010001011111110110110110011011111010110111011
01001000010101001101010000000010111101110010011110111011011101111011000010000010111011111110010101110010100000000101011011011101100010010100110
11110010100111011000100101100101100100111001110111010001001101111000001101011011001110111010100111000101101100111111101000110101010100011100111
11010101111010000110001110100100111000100100011101011000100101100101111011100111000111101010110000111010000001000100011010101101011000100000001
11111111110111100101010000111010110100011010111111100010010100110001000100110110001110111011001001110110010100110111110001010000100001111100101
10000100011000001101110101011011000111100001001100110110010101111111011010010001011001100101100000001000100010001011001100001111011010010111111
10010110000101011000101100100110001110110010011101000010000110011001011001011100111000010001101111011010000100010000011011010000000010011000010
00101101111110000010101100111111000111011001010001100111010011011101011110001010100111111101101101001010101011111101100011110001010101101011101
01010000110011000010101111000101100110101010100100101010000101000000101000000100001101001110000101101000010101100111010100011010110110001100001
01100110000011001011110101011111111011000011101011000110000000010100100011100101111111010001001001101001000110101110010111011101100100100101110
00111000100100100100101001100000011000011011101100011110000001011101110111000101100010010101011011101010100111001000001100101101110011011010101
00001101011010001111110010110100110001010110100101000001111011101100000110010000000010011100000100001010101100000000000011000001110001001100011
10110001100011000111100000101110101000001010111111101011001011010101110100011100001010010110111001010010010101100100001011010100010110101111111
01010110000111110100011000010111100110110001101010100010011011100000110100101010000001001101111111001111100111001010010000110001001100110000101
01010100100010101110010100110101010000010100001010010101110010010011010010100010100110000100111110101010110011000101011101101110011011001010111
10000111011001110010110001111010000001000110001111111001101011101010111101100100011101010000101110100110110110000010010101000011101111100001100
01000101101100101000001001111010101111011110110010011101000011010111010000001001111100100100001111001010100100000000010001110000110000111100011
11010100111011000101111101010000011101111010001010011100110111000001110110001110001101010101000011101101101011000111101110011001001111000110011
10010001000100100010101001101001100101110110011101010010010010111010001100100010011111110000000110100111011000101010010101010110011110110000111
11101001000001110010101101101010010011011111001111000011101100011101000011110111001011101010010010101000010011100011011000101010010100111010111
10010101101001110010110100100101110010000010011111001001100110000101111000101111110001011100101000111101001101011000010000100010011011011001010
00101001011111101110101111100101011111010001110011101110100011010100110101101100111100001000100111110100101101011011101000110010111010011011001
11100101110010001001110111000101010011110001100001011110001111110000111101110100010001001011000010010011000100100110100111001110110001000001100
10001011010001100101011001101011101011000011101111101111110110010111000011110010110001110001111000001110101111001100111001000111101000001110011
01111111010111001000010110010101010000100001111101100110111111101000100010011111001010101101011001011101010011100010010100100110001111001011001
11011111010110101011101010001010001000101111100111101001001011001110101011000111001011101000011001000111010001101010001000111010101001100001011
10001100011011101000000101000110110001101111001100111101111000101011011110100001010110011110000101001000010010000011001111111100111011010011110
00100011001010010001000110010111000110011001011110101000011111110111011110100100100111001111110101101111010101110101010000010000001101010110011
11001011111110111110100011011101010101000101011100100011010000011011010110101010101101101101010111101100100011110001100001110110010000001001011
10111001111001011010000001000111010010101111111101100010001101101101010101110001100000101100110110101011010110111010101111100010100110011000010
00101010011010000111010100111011111001011011001011011000001101011101001110100100011011111101111111001001010000000111011011011111000100111111001
10010010101101011000010100000111001001010100000001001001100001100100011100011010011111111101010010010010000111001101011100001001011010101010100
01011111011000010111000100011100100100101110110000001001001010000110110011010011001011001010011001111100011010101011011011001010010100010001001
00101010001101001010111001100111100100100011110001100011101111001101111011010010000011000000100000000000100100110011010010101111000000000100001
11010111100101001101111011101111001110001001000001000000011010110011101100011111010001111001010100101001100101001101101100000100001100000111000
00011111010110101001111011110111001101101011000011011100111011000011100100010101010011010100001110111110111000100100101111000011011010000101110
01010101000110000000010010000101011101011011011001000100101100011101111101100001010001011000100100010010101110111010100111011000111100000010010
10100101011001001010101111001010100000101100110100111010100011011100011001110110110101100100011001111110110011011000110000010001001001110000011
01111111111101111101111001111111100110001101110111111011010110010010101101110001110101001011010001011000010100101010010101011011001100101000010
01101010110110001011110100111010101111001101000011000011101001001111101011011110001000011111011111101000010101001001000011101110101010110000000
11110010010110110010011101101101001101000100000101011010010101110100100100100110000011101100010111110110110101101111001100100010000100010000010
00110110000001001011001001101000010001000100001000010011100010110101100001110010100000011101000110001110011001011010111110010111110000011110101
00111110010100100110001011101001100011011110100001011111111000010010000111101100011001100001000010101011110110111110111101011101101011000100010
