010111001001000001001101111101111011001110101101001101110101010001110100100101101010111111110101111100111110000010010111101101101
100111101100101111010101111010011101011001101111101101100010111111001000111100011001000110100001010011111000110001101101001011001
000001001111101011011001010110110000100011001101011111001001110011010011011010011011000100100111100100101001011010000001011010010
110000111000100110100100001110111001011110001110101011100100011100111100100100011010010110001100110110111010101011100110100011000
110000100100110100101000110010110011101001010110010000000110100101101011010000101011001101111000110101001001001100000001010111101
111000101001001011011010101111000100000100100000010001101001111101000000101101010000111110000001001000011111010101111100101011100
010111000101110100111010000110010011110001000011000001100000001010010110010001100000100001100100110110101010010001010000000111011
000100001000110110000001100001111000010010000100000110110010100110110000111000010110001110010111111010011001000110011011111111011
111101010101010111100100000011101000000100100010110010001100101010111000101100010001101000101001100000111001101010101100101000001
011010101011000001000001000111110110000110110000010000011110000001101000001100111001010010101001001101011101100100010100011111101
001000000100111111001100001000010010100000000101101101010110111010000000011101111101010101100111101110010101000100011100110000111
101001101100110101101111100100100011101000000010110100110001100001011011011101100010000111011100010011101011001001001010010011001
011110110011010011001000100001111101000110011011000000111101100001010001100000100111111001111001110100111001110111100100011011111
000010111011100100101111110100000000100000111001010110110010100011001110011000001111001001100101001111101010110011010101110110100
011001000010000010101101001011010100011011110011000101010100110010001000001000001011000101111100001000001000001001111011110101101
010110111011010000101000001010100010000111010000101010110001101010110110000101111100001000111111110100100010000001010001100000011
011101011010101000001110100110110010001011101111110001100001001010010110001011010101010110101000010001100110010100101000011011101
111001001111100000001110001110100110001111010000001111001101001000011011100110001111110000011010010101011100001111100100010100001
000110101001011100011010100011110111100110110101110101000110010000001100111110110111001100100111000100010001110110110011110001001
011001100000000000100011010000111011110101011000101110000010100000010100010010111001110111110000010111001100010110000100001101010
101011100011111111100000010010000101011010100010111010010000000011110111011100010111111010100100101000100111111110010111111001001
110100001011011011000001111110101011010001001010111111100100010000100011110100010001010111011111100001001100010101110100101110000
000001100001010011110000001110010011100110111111101100110001100010100010001110110111001100000110110100010011101001001111010101000
111000010101011000010100101111001110111101010011100111110000011010000110010110101111101000100001101100110111110000100101111010110
110011010001110010100101010011010011100101010101110101010000000010011000111010111000110000111000100100010000100100000000011011011
111010000000010000011100100010111100110100011000000000001000100111010001010100111011010000110111100010100100111000011111011100101
110101000010001101000111000001010000011111000001111101001010110010101110010111010010011000001110011100111011001110111011110100000
101101100101010011000111000010100001001110100010101010101111100010111110101001101111110011110101100110001101010101111100000010011
011111101100001111101111110101100101110001111100011011110110101011011001000100100100001111000001100110001101010010011011000101001
100001011100101000100001101010011010011011110111101001000001010011000011110010101011101100011001010110110011110111100000111010111
101110011101100111110100010110000100010100101010011110101111001000101110011111001011000100010100111011001111010011011001000101110
111110110110101010110010111001000101100011001110111011011010010100010000111011010100111101110001011110100101110001100010111110011
110100011000100000010101010001000100101011111010111011010111011110010010100111100010100010101010001001111000110111001010100100100
010001000100101001101001010010111010100110101100010101001001001100010101001100110101011100000000111001011000011100100101111010101
100010100111000111110111100001000101101110111001011110000001111111110000010101011111101011111111010011010010011010001100010101000
110110100001100000111110100110010010010001010010010100000111010001101100101010101000011100000000001001101111100001001110010000011
001010100011010000110011110010011110001001011011101010110101010101001010001111111111000000101001011000000111110001001001111100010
010100110000001000011101011011100001000110001110110001100101001100101000100011010001101000000101001001000101010100011111011100101
110110000001001011001001001101001010100001010110111010011010001011111110001111001110111001001110010001110110100001000110001011100
100101001100100101110011111100100110010001111111101010111111000010010111001101011100011010000110010001101011001101101111011000010
101100010100101111101010001101011110010001011110101110001111111110011111111101111001111011101011001100101001101010001101000001110
011010100000001111010101101011011001101110011101010111110000110110101010010011001110100111110001010000010000000100111011000001101
110001001100011010101010000111101110000100010000000100101100011111101100111111011110111000000011110111001010111110011111100101100
000010000100111101110011110011001011101111101001101110100110011111101011110110100010000001001000101100100101011001000001011111111
111100000000110010010110010010111110110111010111100000111010111011100001010000011100101011000111001010101000111111001000011111000
111110010010000010100010100011010100011111001001010100011101010110001110010000010010001110010010110011111011000010001010110010011
010110101001101010001111000101111001111110001000011011010000011001111011111110011001111111100101010001011110011011110111100110111
111000100010111010100011101001000010100101011100101011110000110010100101000001001100011110010000111101111110101110010011100111111
010100001011000110111111101101011000111110011001010111010001101010111011100101001100001101100000000001101000010011111101110101010
001011001101010010101100101010111111011001000110100000101001101111001101111110011001000101011111001100111011010110010011111111000
111100000010000101011110001111111010101110010011000000110010010100010111100001101110100010000111100011001101100011010000010111111
111000010011011001110111101000100111000011110100100000010010111010000101010010101010000000011111111011110100001000111110001000100
001100011000010101011101000110111010101111010011100000110110101111101000001000001101110111000111101101010000101010011100111101110
111101100010001011100101101011011100010001000011100000001100000010011110110100111110110010101101000010000101011000101100011110100
110101110001110110000111000110100000110101111001011010010001110100000011111100100011011101110010000001001111111011000011011110001
100000010111111100001011100010011000101101001111101110100001101110101110110100101110000000001110101101100001000110111001100101101
001001001100100001000000011100110100001110101100010001000101011001101110111001101111000111101001110110010000000100110101110110100
100110001110101001100100000110101001110110110100000011001011011000001101001111011010100101010101100101001101000101100110000110111
010010010110010000110000001110111001001110011000001110000100000011101010011011101100110101101111100111100000000111010001001011110
101001000001100111000010000101101111110110000100110000111100100000100011110000101100101001010011111011111110100000000101101110010
011011011011111100010010011110000010000011001001110110110001000011110111011111101010101110010000001110000011000111111110111111010
111101000010001000100101001001011011100011111111001100101100001101000101000001011010101101010000111001110101101111011100011011010
010101101010000111000001000010101110011010111010110110011100010010000110100001110111011100000110001011111100000101010010001010110
010111010000000000000000010000011110110011110100011010110000010011110000010110111110100010100000101111101111011010101011011100011
011000111010011110001011111111001010001111111101110111010010101101000001110011110100111110010010110001100111001100010011000011101
111011000101110000001000010011000011101000111010010010001010110110010000000110000100000100011101011100010101011110001001110101010
100110011100000100001110001100100011011001111011100010011011100100001010111111001100110010101101100111000100000000111010000101111
101100111001100111011000110110011110001110000010101001000000100101000100011100000101000000110011110011011111001010101101100100111
010110001101011001100000101110100001111011110110110011011110000000100010100100101001011011010111111100010000111011010100111011000
100100100000010110111001001100100101001110100101011101011100111000010010111011110110100111110000111000010111001011111100111000111
001010100001010111001111001101101000101111010110101001111011101000101101010111001111011100001000100000110111100000010010101001110
001010000001100001001100010011000100000110011011111100100101110010000010111100011001100000111110011010101001001111010110011000111
110101011000100001100100100101011001010010110010111001111001001010101101000111001010100110011111100111010101011100100101000111111
011010110011010000111101111001110010000011111110010101111011100110110111000011000100011100011000010100110010011000010001011101000
011001011111011010101010100100110101101110100010010010101110100000110101000011110001011000101010000100011000010001110011111100111
110101001111000101101111011010101110101110110010110001110100100101111011100000101001111111011101010100101110000110000001001110000
001000000000000011110011101001111001111001110010010100000110100111100110111000111110001011001111110110100011000011001100110010001
100001100011000110000000001100111010111111100001101000001110111010100110111000101000111101111011100010011010111010010101111011010
100010100111100100110011110111001101100010010000001101111011101110001100001111001000011110010001110011111001000001100111100111001
011101011110000110111110111000010110110110101110010001000100011110000101001010000010111111101011000000110100011000001001100011100
111110000110011101010001110101100011101111101011111111011111110100101011100111100000110011010011101111000011011000101000110100011
000000010010110111101011000110010110101101101001101011011011001111110110010010000011101001110111011111000110010000011010111100100
101110010001111001101011011101101010101001110100001101111100111100000110100010010101110100010011010101101110110010011111010011001
011010001110111011111111010101100110110010000010010010101000001000011011001100000110011110101001001000111001110000111110010000111
100001101000100001011001100101011010011011101010001011000111110110100101100101011110001010100010011011111001011110100011000011110
100101000110100011011100111100010101001110100011000011100010001010101010011101111011001011001110101011010101110001010111101101011
100011011000110100101011001011010111011110101111100000100001111010001010011111110101110111110001111001111101000000001011000111001
111111010011001010110110000011110101000001000111110010101110111011000110110101110011001001111111001101101011011110010110100100100
110101010101000010011100000110001010000111001111001011001000100110101100100110111001111001111000111001111001100101000001111011111
100010100011111000010100000110010010001011011010110010101111010000001100000111011100011110100010010111000101101111101100100010111
111010101110111110111001110100011010100011000010100001101010000100110101001001010101101111000111101011111000100010000001001000110
100010010001101101010100110101110010000001000101010100100101110011011101110101101110001110000010111010001111011001000100001110011
000110001101101111000100101001001010101010010000010101011010000001100011111111010001010110000101111110110111000011110000110100010
101100110011011100101110011100100010011100001010011111010110001001101001100110000100010100101000110111010000001011100001000111011
001000010010000101100110011000001010001110101100011110110011001010011001101011011110110101110001001110001011011011111000100111000
111001011110110100100101010111010010110011101010011111001111000001111000100111111111001100101010010101100011100101111010010000111
101110111010100100001111110110100100000000110101001110011111010110111110100011101000011010111100000000100010001001111111011000001
110110110001100111010010001001110110101101100111000100001001010011011101010110100110101011011101001101101011111011001100010011111
100001010110011000001001001000111101110010011001010110010001111101001101000000001101111110111010010101011000111000110111110000011
101110100110110101110011101111010000000010110001010010011110100101101000111110001110000101001111011011011010000010000000111010000
010100110011010000010000010111110010000000101100001101001011101100110001100011101100110001111110000100010111111101101101100110111
010010000101010011010100000000101111011100100111101110110111011110110000100000101110111111100101011100101000000001010110110111011
111100101001110110001001011001011001001110011101110100010011011110000011010110110011101110101001110001011011001111111010001101010
110101011110100001100011101001001110001001000111010110001001011001011110111001110001111010101100001110100000010001000110101011010
111111111101111001010100001110101101000110101111111000100101001100010001001101100011101110110010011101100101001101111100010100001
100001000110000011011101010110110001111000010011001101100101011111110110100100010110011001011000000010001000100010110011000011110
100101100001010110001011001001100011101100100111010000100001100110010110010111001110000100011011110110100001000100000110110100000
001011011111100000101011001111110001110110010100011001110100110111010111100010101001111111011011010010101010111111011000111100010
010100001100110000101011110001011001101010101001001010100001010000001010000001000011010011100001011010000101011001110101000110101
011001100000110010111101010111111110110000111010110001100000000101001000111001011111110100010010011010010001101011100101110111011
001110001001001001001010011000000110000110111011000111100000010111011101110001011000100101010110111010101001110010000011001011011
000011010110100011111100101101001100010101101001010000011110111011000001100100000000100111000001000010101011000000000000110000011
101100011000110001111000001011101010000010101111111010110010110101011101000111000010100101101110010100100101011001000010110101000
010101100001111101000110000101111001101100011010101000100110111000001101001010100000010011011111110011111001110010100100001100010
010101001000101011100101001101010100000101000010100101011100100100110100101000101001100001001111101010101100110001010111011011100
100001110110011100101100011110100000010001100011111110011010111010101111011001000111010100001011101001101101100000100101010000111
010001011011001010000010011110101011110111101100100111010000110101110100000010011111001001000011110010101001000000000100011100001
110101001110110001011111010100000111011110100010100111001101110000011101100011100011010101010000111011011010110001111011100110010
100100010001001000101010011010011001011101100111010100100100101110100011001000100111111100000001101001110110001010100101010101100
111010010000011100101011011010100100110111110011110000111011000111010000111101110010111010100100101010000100111000110110001010100
100101011010011100101101001001011100100000100111110010011001100001011110001011111100010111001010001111010011010110000100001000100
001010010111111011101011111001010111110100011100111011101000110101001101011011001111000010001001111101001011010110111010001100101
111001011100100010011101110001010100111100011000010111100011111100001111011101000100010010110000100100110001001001101001110011101
100010110100011001010110011010111010110000111011111011111101100101110000111100101100011100011110000011101011110011001110010001111
011111110101110010000101100101010100001000011111011001101111111010001000100111110010101011010110010111010100111000100101001001100
110111110101101010111010100010100010001011111001111010010010110011101010110001110010111010000110010001110100011010100010001110101
100011000110111010000001010001101100011011110011001111011110001010110111101000010101100111100001010010000100100000110011111111001
001000110010100100010001100101110001100110010111101010000111111101110111101001001001110011111101011011110101011101010100000100000
110010111111101111101000110111010101010001010111001000110100000110110101101010101011011011010101111011001000111100011000011101100
