010001001000111001110101010
101101110110111101111101000
010111001011110100100001001
011011101000011111000001101
001100110101010111010100011
111100111110100110001010101
010111000100011110100101111
010011000101000110000110001
101101000100110101100111101
010011111011000111100101010
011001000100000000101000011
001010010100011011110010001
111001001000000011100000011
111110101001000110000110110
110100100001000110011010010
011111111100011011001100000
000111110101111100101010001
110110001101100100100001010
111000101111100011011000111
110010000001001000101000000
010001000010001110110000111
110010111100010100000001101
000001011001011010000001111
111100101100000001000110101
000101101000010000101111010
100010100110111001101010101
001111111011100010101111010
