01000100100011100111010101
10110111011011110111110100
01011100101111010010000100
01101110100001111100000110
00110011010101011101010001
11110011111010011000101010
01011100010001111010010111
01001100010100011000011000
10110100010011010110011110
01001111101100011110010101
01100100010000000010100001
00101001010001101111001000
11100100100000001110000001
11111010100100011000011011
11010010000100011001101001
01111111110001101100110000
00011111010111110010101000
11011000110110010010000101
11100010111110001101100011
11001000000100100010100000
01000100001000111011000011
11001011110001010000000110
00000101100101101000000111
11110010110000000100011010
00010110100001000010111101
10001010011011100110101010
