0101110110000000010011011111011110110011101011010011011101010100011101001001011010101111111101011111001111100000100101111011011011010010010010001010001110010011000000100011011011011
1001111011001011110101011110100111010110011011111011011000101111110010001111000110010001101000010100111110001100011011010010110010001010101110011000010101010101101011110101001110010
0000010011111010110110010101101100001000110011010111110010011100110100110110100110110001001001111001001010010110100000010110100101100100011111100101110111100111010101101110110010110
1100001110001001101001000011101110010111100011101010111001000111001111001001000110100101100011001101101110101010111001101000110001011011101011100000010101101111011001011011010000111
1100001001001101001010001100101100111010010101100100000001101001011010110100001010110011011110001101010010010011000000010101111011101101001100101110111000011011101110010110101010110
1110001010010010110110101011110001000001001000000100011010011111010000001011010100001111100000010010000111110101011111001010111000001011111001111101101000110111010011000110110010001
0101110001011101001110100001100100111100010000110000011000000010100101100100011000001000011001001101101010100100010100000001110110111111001111110001101110101100011010001011101110100
1001000010001101100000011000011110000100100001000001101100101001101100001110000101100011100101111110100110010001100110111111110111001011111000010000010010111011000100100001110001000
1111010101010101111001000000111010000001001000101100100011001010101110001011000100011010001010011000001110011010101011001010000011010010001100011110010010001001101001001100000001100
0110101010110000010000010001111101100001101100000100000111100000011010000011001110010100101010010011010111011001000101000111111011101001011110100000111100001001100000100011111001111
0010000001001111110011000010100100101000000001011011010101101110100000000111011111010101011001111011100101010001000111001100001111111100011000001010100001101101001110011011101001010
0010011011001101011010111001001000111010000000101101001100011000010110110111011000100001110111000100111010110010010010100100110010010111101110101100101100111000100001000100000111111
0111101100110100110010001000011111010001100110110000001111011000010100011000001001111110011110011101001110011101111001000110111110100001100110010111100010011000000010110110110010101
0000101110111001001011111101000000001000001110010101101100101000110011100110000011110010011001010011111010101100110101011101101001010110011001010100010001001011001101011110000110100
0110010000100000101011010010110101000110111100110001010101001100100010000010000010110001011111000010000010000010011110111101011010000001001010110110011100111100000011010111000100000
0101101110110100001010000010101000100001110100001010101100011010101101100001011111000010001111111101001000100000010100011000000111011000001010010001101001111001011001101110111101011
0111010110101010000011101001101100100010111011111100011000010010100101100010110101010101101010000100011001100101001010000110111011010111011101010101111010001010101101000011011011101
1110010011111000000011100011101001100011110100000011110011010010000110111001100011111100000110100101010111000011111001000101000010101010001000101110100111000101110111111011010100111
0001101010010111000110101000111101111001101101011101010001100100000011001111101101110011001001110001000100011101101100111100010011101100010111101001101110101111100010001001110011000
0110011000000000001000110100001110111101010110001011100000101000000101000100101110011101111100000101110011000101100001000011010100101011001101000100110111011100011111001000111010101
1010111000111111111000000100100001010110101000101110100100000000111101110111000101111110101001001010001001111111100101111110010010000111011100010010100101101010000011011110010110100
1101000010100110110000011111101010110100010010101111111001000100001000111101000100010101110111111000010011000101011101001011100000110111101110000001101001001100010010100111111010011
0000011000010100111100000011100100111001101111111011001100011000101000100011101101110011000001101101000100111010010011110101010000000111011011110001110111111001010011110010011101001
1110000101010110000101001011110011101111010100111001111100000110100001100101101011111010001000011011001101111100001001011110101100111000010110000101110110111000011000010001100010111
1100110100011100101001010100110100111001010101011101010100000000100110001110101110001100001110001001000100001001000000000110110110000011110000110011010001010011110000011111000111011
1110100000000100000111001000101111001101000110000000000010001001110100010101001110110100001101111000101001001110000111110111001011000111011011100001100011100001100101111010010101010
1101010000100011010001110000010100000111110000011111010010101100101011100101110100100110000011100111001110110011101110111101000000100111001111110001111110101000010010110001001100000
1011011001010100110001110000101000010011101000101010101011111000101111101010011011111100111101011001100011010101011111000000100110101001001100010011110011100001001010110010100110101
0111111011100011111011111101011001011100011111000110111101101010110110010001001001000011110000011001100011010100100110110001010010101010011111101001000011000010001010101100010001011
1000010111001010001000011010100110100110111101111010010000010100110000111100101010111011000110010101101100111101111000001110101111011111101010011110001111000111010100110000101111001
1011100111011001111101000101100001000101001010100111101011110010001011100111110010110001000101001110110011110100110110010001011101110111011100011010011010011001001010111000100110100
1111101101101010101100101110010001011000110011101110110110100101000100001110110101001111011100010111101001011100011000101111100111110111101010101010001011101000000001001101010101001
1101000110001000000101010100010001001010111110101110110101110111100100101001111000101000101010100010011110001101110010101001001000101100011100111100010110110110001100010101101111110
0100010001001010011010010100101110101001101011000101010010010011000101010011001101010111000000001110010110000111001001011110101011100000100001011001100110001011111111111101100011001
1000101001110001111101111000010001011011101110010111100000011111111100000101010111111010111111110100110100100110100011000101010000110011100110001000001111000111010101110001001100111
1101101000011000001111101001100100100100010100100101000001110100011011001010101010000111000000000010011011111000010011100100000110001111101110000101010111011000010010010000100101000
0010101000110100001100111100100111100010010110111010101101010101010010100011111111110000001010010110000001111100010010011111000101000010001100111001100001111110010011000110000011011
0101001100000010000111010110111000010001100011101100011001010011001010001000110100011010000001010010010001010101000111110111001010110001100111110000010110010111000010001100010001001
1101100000010010110010010011010010101000010101101110100110100010111111100011110011101110010011100100011101101000010001100010111001001101010000010011000111110001001000110111010001111
1001010011001001011100111111001001100100011111111010101111110000100101110011010111000110100001100100011010110011011011110110000100110000100000110101110000011110101011001100000110111
1011000101001011111010100011010111100100010111101011100011111111100111111111011110011110111010110011001010011010100011010000011101101011111100110000110010101011101000111100101110011
0110101000000011110101011010110110011011100111010101111100001101101010100100110011101001111100010100000100000001001110110000011011011000011111111011000101111000010101000110010101111
1100010011000110101010100001111011100001000100000011001011000111111011001111110111101110000000111101110010101111100111111001011001101101100000101100010110000000110000110100001000111
0000100001001111011100111100110010111011111010011011101001100111111010111101101000100000010010001011001001010110010000010111111111100111101100010000111111000100010001110000100110000
1111000000001100100101100100101111101101110101111000001110101110111000010100000111001010110001110010101010001111110010000111110001001100011000110100100001010001010100011000101001100
1111100100100000101000101000110101000111110010010101000111010101100011100100000100100011100100101100111110110000100010101100100111001100111000001011110010110001111011101101011010111
0101101010011010100011110001011110011111100010000110110100000110011110111111100110011111111001010100010111100110111101111001101111100000100001000000001011010010010111101010011111001
1110001000101110101000111010010000101001010111001010111100001100101001010000010011000111100100001111011111101011100100111001111111000000011010011101111000100100101000101101010101110
0101000010110001101111111011010110001111100110010101110100011010101110111001010011000011011000000000011010000100111111011101010100100001001100000001111010000101001100101011100111101
0010110011010100101011001010101111110110010001101000001010011011110011011111100110010001010111110011001110110101100100111111110001110111101110110000011000010011110101010001111000010
1111000000100001010111100011111110101011101100110000001100100101000101111000011011101000100001111000110011011000110100000101111111000100011000000110001010111111001001000100100101001
1110000100110110011101111010001001110000111101001000000100101110100001010100101010100000000111111110111101000010001111100010001000100001011011100010110011111101100111011001111010101
0011000110000101010111010001101110101011110100111000001101101011111010000010000011011101110001111011010100001010100111001111011100111001011010111111000100110101000010110001101101000
1111011000100010111001011010110111000100010000111000000011000000100111101101001111101100101011010000100001010110001011000111101000000001100000101111001110110110111011001011010010010
1101011100011101100001110001101000001101011110010110100100011101000000111111001000110111011100100000010011111110110000110111100011000100011111100111001000101001110010101100010011000
1000000101111111000010111000100110001011010011111011101000011011101011101101001011100000000011101011011000010001101110011001011010011100001101100011100101011000011101011011100111011
0010010011001000010000000111001101000011101011000100010001010110011011101110011011110001111010011101100100000001001101011101101000010101110101111010010111101000001110100011101000011
1001100011101010011001000001101010011101101101000000110010110110000011010011110110101001010101011001010011010001011001100001101110000011001010110010110110000101100001010011000101010
0100100101100100001100000011101110010011100110000011100001000000111010100110111011001101011011111001111000000001110100010010111101101111100100101001001100000010111000111111110100011
1010010000011001110000100001011011111101100001001100001111001000001000111100001011001010010100111111111111101000000001011011100101100100101010010111101011101111000000101010100001101
0110110110111111000100100111100000100000110010011101101100010000111101110111111010101011100100000011100000110001111111101111110100001111011001000101110111001011100011111000000001011
1111010000100010001001010010010110111000111111110011001011000011010001010000010110101011010100001110011101011011110111000110110101110101010110001011001100101110110110111110001011010
0101011010100001110000010000101011100110101110101101100111000100100001101000011101110111000001100010111111000001010100100010101101010010000011001011101101110110000011101001001011010
0101110100000000000000000100000111101100111101000110101100000100111100000101101111101000101000001011111011110110101010110111000110100010111011111000110001000010111111101101100001100
0110001110100111100010111111110010100011111111011101110100101011010000011100111101001111100100101100011001110011000100110000111011100100110100011110010100110000001101110100011010011
1110110001011100000010000100110000111010001110100100100010101101100100000001100001000001000110010111000101010111100010011101010101111100110111011010010100001011000110001100011001100
1001100111000001000011100011001000110110011110111000100110111001000010101111110011001100101011011001110001000000001110100001011110001011001100100010100011101000101101101101111110011
1011001110011001110110001101100111100011100000101010010000001001010001000111000001010000001100111100110111110010101011011001001111100111100101000101101001100010111111110100110110100
0101100011010110011000001011101000011110111101101100110111100000001000101001001010010110110101111111000100001110110101001110110000001111101111001011010011001010100111010110011101001
1001001000000101101110010011001001010011101001010111010111001110000100101110111101101001111100001110000101110010111111001110001111011100110000001010101000011001101001010111011101010
0010101000010101110011110011011010001011110101101010011110111010001011010101110011110111000010001000001101111000000100101010011100110110111100000001001000111100011101111110101011000
0010100000011000010011000100110001000001100110111111001001011100100000101111000110011000001111100110101010010011110101100110001111110011101010100011111100011010000111000000000101010
1101010110001000011001001001010110010100101100101110011110010010101011010001110010101001100111111001110101010111001001010001111110101100000100111110110010001010011110010100010110100
0110101100110100001111011110011100100000111111100101011110111001101101110000110001000111000100000101001100100110000100010111010001001100111101111000110011110101100110011110111011111
0110010111110110101010101001001101011011101000100100101011101000001101010000111100010110001010100001000110000100011100111111001111100000111011100110111111110100010000010000000100101
1101010011110001011011110110101011101011101100101100011101001001011110111000001010011111110111010101001011100001100000010011100001011111011101010110010101111010010000010000011001110
0010000000000000111100111010011110011110011100100101000001101001111001101110001111100010110011111101101000110000110011001100100010010010000100101000010010000100100101110101110101111
1000011000110001100000000011001110101111111000011010000011101110101001101110001010001111011110111000100110101110100101011110110100100011010110101111100010100101110010100000011100000
1000101001111001001100111101110011011000100100000011011110111011100011000011110010000111100100011100111110010000011001111001110010011110010111001011001001000001110110110000000100001
0111010111100001101111101110000101101101101011100100010001000111100001010010100000101111111010110000001101000110000010011000111001001011101000011001000110000011101010111110110000101
1111100001100111010100011101011000111011111010111111110111111101001010111001111000001100110100111011110000110110001010001101000111000000011001010001101110110001011111000101100011011
0000000100101101111010110001100101101011011010011010110110110011111101100100100000111010011101110111110001100100000110101111001000110011111000100010010000110010000101010110001100011
1011100100011110011010110111011010101010011101000011011111001111000001101000100101011101000100110101011011101100100111110100110010111000000100111110110111000101100011001110000001111
0110100011101110111111110101011001101100100000100100101010000010000110110011000001100111101010010010001110011100001111100100001110010000011000011111110001010101100101111111010101110
1000011010001000010110011001010110100110111010100010110001111101101001011001010111100010101000100110111110010111101000110000111100111101000010000000010100001110010100000000011101101
1001010001101000110111001111000101010011101000110000111000100010101010100111011110110010110011101010110101011100010101111011010110111111111010110011001110101100001100100110010001010
1000110110001101001010110010110101110111101011111000001000011110100010100111111101011101111100011110011111010000000010110001110011110010010010110010101010101011011011001010110010110
1111110100110010101101100000111101010000010001111100101011101110110001101101011100110010011111110011011010110111100101101001001000110011100101010101100111000011110010011000010011111
1101010101010000100111000001100010100001110011110010110010001001101011001001101110011110011110001110011110011001010000011110111111111010101111010001101001000101111101001000010010110
1000101000111110000101000001100100100010110110101100101011110100000011000001110111000111101000100101110001011011111011001000101111110001010111001000111100011111101101110000110010110
1110101011101111101110011101000110101000110000101000011010100001001101010010010101011011110001111010111110001000100000010010001100001000001100011111011110010101110110100110000101001
1000100100011011010101001101011100100000010001010101001001011100110111011101011011100011100000101110100011110110010001000011100110110010001101110001101100010001001010001001100001110
0001100011011011110001001010010010101010100100000101010110100000011000111011110100010101100001011111101101110000111100001101000101100100100000000101011001011101101110100000100010100
1011001100110111001011100111001000100111000010100111110101100010001010011001100001000101001010001101110100000010111000010001110111111010011110011110111111111000000111000100101011011
0010000100100001011001100110000010100011101011000111101100110010100110011010110111101101011100010011100010110110111110001001110000101001010100010110001111101101010011010010010110000
1110010111101101001001010101110100101100111010100111110011110000011110001001111111110011001010100101011000111001011110100100001111100011100111001100001101001011101011011001111100011
1011101110101001000011111101101001000000001101010011100111110101101111101000111010000110101111000000001000100010011111110110000011110001000111100111110110000011000011011010000001110
1101101100011001110100100010011101101011011001110001000010010100110111010101101001101010110111010011011010111110110011000100111110101000011110000010100000011110001111111100101001011
1000010101100110000010010010001111011100100110010101100100011111010011010000000011011111101110100101010110001110001101111100000111001011010110101001111001011010111010001101110111000
1011101001101101011100111011110100000000101100010100100111111001011010001111100011100001010011110110110110100000100000001110100000011001111010000111101011101110010101111111101001100
0101001100110100000100000101111100100000001011000011010010111011001100011000111011001100011111100001000101111111011011011001101111101011011101100100101110101101110110110100101100110
0100100001010100110101000000001011110111001001111011101101110111101100001000001011101111111001010111001010000000010101101101110110001001010011010001011000110000101001010111010001100
1111001010011101100010010110010110010011100111011101000100110111100000110101101100111011101010011100010110110011111110100011010101010001110011111111010111000101010100000111001000011
1101010111101000011000111010010011100010010001110101100010010110010111101110011100011110101011000011101000000100010001101010110101100010000000100010000010011011010011000001011001100
1111111111011110010101000011101011010001101011111110001001010011000100010011011000111011101100100111011001010011011111000101000010000111110010100110010010011110011101100111001100001
1000010001100000110111010101101100011110000100110011011001010111111101101001000101100110010110000000100010001000101100110000111101101001011111100000111111011011011000110011001111011
1001011000010101100010110010011000111011001001110100001000011001100101100101110011100001000110111101101000010001000001101101000000001001100001000100000001011101001010100111111000110
0010110111111000001010110011111100011101100101000110011101001101110101111000101010011111110110110100101010101111110110001111000101010110101110100100100001110101111010100110011101101
0101000011001100001010111100010110011010101010010010101000010100000010100000010000110100111000010110100001010110011101010001101011011000110000101100100011101110101111011100011010110
0110011000001100101111010101111111101100001110101100011000000001010010001110010111111101000100100110100100011010111001011101110110010010010111000110011100010111010011110011011101110
0011100010010010010010100110000001100001101110110001111000000101110111011100010110001001010101101110101010011100100000110010110111001101101010110010101110011010000101101011001011111
0000110101101000111111001011010011000101011010010100000111101110110000011001000000001001110000010000101010110000000000001100000111000100110001111011110011110000101001001101111100110
1011000110001100011110000010111010100000101011111110101100101101010111010001110000101001011011100101001001010110010000101101010001011010111111101110101100010001110110001101101011100
0101011000011111010001100001011110011011000110101010001001101110000011010010101000000100110111111100111110011100101001000011000100110011000010100000010101010001000000101110010011110
0101010010001010111001010011010101000001010000101001010111001001001101001010001010011000010011111010101011001100010101110110111001101100101011110101000111101110101011000001101100111
1000011101100111001011000111101000000100011000111111100110101110101011110110010001110101000010111010011011011000001001010100001110111110000110010000111001010111000111000011100011001
0100010110110010100000100111101010111101111011001001110100001101011101000000100111110010010000111100101010010000000001000111000011000011110001111110001100010111010010101101001000011
1101010011101100010111110101000001110111101000101001110011011100000111011000111000110101010100001110110110101100011110111001100100111100011001101000001010110010000101101101011011101
1001000100010010001010100110100110010111011001110101001001001011101000110010001001111111000000011010011101100010101001010101011001111011000011110010101000011100100101011100011110100
1110100100000111001010110110101001001101111100111100001110110001110100001111011100101110101001001010100001001110001101100010101001010011101011110011011011000001010101110011001011111
1001010110100111001011010010010111001000001001111100100110011000010111100010111111000101110010100011110100110101100001000010001001101101100101001101011011101101011111001001001000011
0010100101111110111010111110010101111101000111001110111010001101010011010110110011110000100010011111010010110101101110100011001011101001101100101100000110110100101000010000110110001
1110010111001000100111011100010101001111000110000101111000111111000011110111010001000100101100001001001100010010011010011100111011000100000110000001111111011010010101101101110011011
1000101101000110010101100110101110101100001110111110111111011001011100001111001011000111000111100000111010111100110011100100011110100000111001100001010111011010101000110111010100010
0111111101011100100001011001010101000010000111110110011011111110100010001001111100101010110101100101110101001110001001010010011000111100101100100010110010100100010010001011110010100
1101111101011010101110101000101000100010111110011110100100101100111010101100011100101110100001100100011101000110101000100011101010100110000101101011100011000111110001010000100100111
1000110001101110100000010100011011000110111100110011110111100010101101111010000101011001111000010100100001001000001100111111110011101101001111010001000001010001001011110101000111010
0010001100101001000100011001011100011001100101111010100001111111011101111010010010011100111111010110111101010111010101000001000000110101011001100000101001001110000001110011101011010
1100101111111011111010001101110101010100010101110010001101000001101101011010101010110110110101011110110010001111000110000111011001000000100101110100101010011010000000110110010011001
1011100111100101101000000100011101001010111111110110001000110110110101010111000110000010110011011010101101011011101010111110001010011001100001001101000100011100000010001000100011010
0010101001101000011101010011101111100101101100101101100000110101110100111010010001101111110111111100100101000000011101101101111100010011111100100101101101101011010011010101101010101
1001001010110101100001010000011100100101010000000100100110000110010001110001101001111111110101001001001000011100110101110000100101101010101010010100011011101110001000001011100101011
0101111101100001011100010001110010010010111011000000100100101000011011001101001100101100101001100111110001101010101101101100101001010001000100110011100100111011001100111110111100000
0010101000110100101011100110011110010010001111000110001110111100110111101101001000001100000010000000000010010011001101001010111100000000010000111110001100010101101100111001001111101
1101011110010100110111101110111100111000100100000100000001101011001110110001111101000111100101010010100110010100110110110000010000110000011100001110001011000010110100110100000000010
0001111101011010100111101111011100110110101100001101110011101100001110010001010101001101010000111011111011100010010010111100001101101000010111000100111111010001101011001000001010110
0101010100011000000001001000010101110101101101100100010010110001110111110110000101000101100010010001001010111011101010011101100011110000001001001111101110111110101010101000110110101
1010010101100100101010111100101010000010110011010011101010001101110001100111011011010110010001100111111011001101100011000001000100100111000001101010110100110000111110001000001000011
0111111111110111110111100111111110011000110111011111101101011001001010110111000111010100101101000101100001010010101001010101101100110010100001001101101010001001100100011000000001011
0110101011011000101111010011101010111100110100001100001110100100111110101101111000100001111101111110100001010100100100001110111010101011000000000011001010000100110110100111101110110
1111001001011011001001110110110100110100010000010101101001010111010010010010011000001110110001011111011011010110111100110010001000010001000001001110010111010111001010100010101000100
0011011000000100101100100110100001000100010000100001001110001011010110000111001010000001110100011000111001100101101011111001011111000001111010111110011011101100010100100010011000110
0011111001010010011000101110100110001101111010000101111111100001001000011110110001100110000100001010101111011011111011110101110110101100010001011110010001100110101011011011001111111
0100011110001111100010101011011011001111110110010100100011010001110000001101000110110111101101100000011000000011001110110000001010011100000001101001001011010111001010100110011010110
1100110010110000011000000000111111101000011001010000110010100111110011001100111100110000011001010010001000001001100011001100010001000110111011110111011001111100110110111110111010010
0010110010011110110100010000010010010001001010010010111000011000100100001011010000110001001011111001101010111100101010001100000011110111101011101010001010010000111001111111011110000
1000100010101010010010001001011100000010010001000011111111010110111011011011011001110110001001101101001110000111100010110000110000001110110111101100110000000000111000000110101100011
0010011000001001101001111111100001011011010001011000111100111110000110110000011110010101101110001011011000000001001000011011011001101000101100011000011101101001010010001100010110101
0010111001111001111111110111000001001001100111011001000101011011001101011110010010110011110101001111100001011011100100100010110110101001111000000010001001010011001001010110000011000
0111100111000110100100111011001010010101101101011101000011001001110010011111100001111000011011001010011011000101010100011011100000010001010011101011000001011010110101010111011010101
1000111001010011101001000010011100100000000100111110011000110110000101110010001010000110111111110011110001000110100111111010000110110111101101011101100001000010110001011011000100000
1111001001010010011110110010010011110110011100000000110111101110110000010011000110101101011101111000101001000110111010000111000001101101110010000001000011110000011000011111110111001
1010001110001000111100110111111111110110101101101011010011011000001010001110110110100111001001101001101111001011001001011111110010010011101111010100000100100011100101100100111100000
0111000000100101010111101101110100111010010110100001000110011011001110000111001000110001100011110011001001111001011100011011011100110011000011111001111100000100111010101110100010110
0011011100110011001010110111000110001010110001010011111010010110101100100111010011000110000001100001110000011001001001001100100000111000110001101001000110001001111010011111011010011
1100110100011011000100111000001010011111010011100111110100000010100001110111000011010000011111000110010111110111110111100111001011001101110010011100110100001101111101010000100010011
0001101111111111101111110010001101011001110000000011001110011100011011111001000000001110010011110111100111101010001000101011000111111000101001001001010000110100101110110110100010110
0111011000100010011101000000010010101101000100011011110001010110000000100110110000111100111010100101101010111100001110101100110101010100100111111000000001011010101110011010101011101
1011110100000100101010001000110011101101100000100110010000111111010110011001000101001011010000011111000111001110001111000011010110111010100010110000111010000101011001001110111111101
1111110111100101011000101101011001100110100011001111101001011000010001000100011110110011111110111000101101110100110110011000011000101101001010010001100010110010001111010111000011010
0100100011010000111000001100000001000001101001010101011001101101001111000100111100110001111010010010110000011001101000100101010000000111111100101110011011111100011011111111111010111
0011011000000001010101111010010001111000011111100100011100100101000100101011011010001011101000100011101111010100100010011010110000100010010101001111011101110010101100111111001111101
0101101010100101100100010001101011000011100001011010010110100001101101101000000110000110110110010110010011111001001000001101001000011101110010110110100101111111110110011011000011111
0010100100100100110100000100010011100000010010101101000110000101111110111100101011011100111011000101101010001010100101111010000000001110011101001000010010011101011001110111101100001
0100111000101010011111100011101001011101000001100001111010001111010110011100011110100011001111111110100100111100101110001000101001100001110110111001000001101101101000010101010100011
0111010010010111110110100100000101101001010101100111010101001011101111110000100011110010110001111101010110001111001101111010011100100001000000100100111010010011100100000001011110110
1110000101001001010001100111111001100010101101111000101010111111101100100000111100010100011010000101100011110110010011010011001110001110100111011100000011001000110100001111101100000
0101100000101110010010111111011011110010101110000101100101101100100111101111101101010001010000111101110001001100000000110101011110101110001000101100111100111101111110000011011100000
0011001010100101011110001100101101000101100011111001011100111111011000100100000100110011100100011111000000001011110011101010100001011101111000101101001101100110111000100001110101110
0110110010011111000011001000100111001111111001010010001000100101111111101100100111110100001001000111111010111001110011100011001010101010000100011111110111101011110110100011100000011
1011111001101111110011101101000000001010010000101000010111110100000011100100000101110110001000101001011011110110010100010001100110011000000111111110111101101111111100110101101100001
1101001101100010111001011010000111100010000001011101110111100011001001000000100010010000000100010011011111100111101111011011101100110100000100100100011100100001111111111110100001110
0010111101101001001101010001011011010000100110001111100110110001001100100100100110000010010111010111100000100001101100000110110101111000100110001010000111011110100100101111000111011
1011010101001001111111100100100100000110010001110101011000100000111111001101110100011111110000110010010100111101010001100111100010001000100001011101010110100010100011011000000111011
1100101001100001100101100010010010100000101011100101100010000110111011100101010001001000000001010101101111111111101011111000000100101101010111111110010010100110110101110010000010110
0100001000010111010010101111011110110001110100111010100101100000001111011010111001011000001000110010100011010101001000100101011000011100100100100111001110000010010111111010110000111
1110111000011100101111011001011011001001100101101001011100000110101100101100000010000011110011100010000001001010110101110110101111100101100100111101110101111111111001000000111001101
1000000111110001101000101100110111011110010010111010101101011111010011110101100010111101001101001111010101010110110101010010001111010100001000100000100100000111011000001001110010110
0011101011011100110110010001001010100011011011011001000000010001010100001111100100111011110110001001110100111111111001110000110000100101100111110001010001001110111001001001001111010
1111100001110001010001011100100010101011111001010100010111101110101001010101100011110111110101011100101001101111011010011011011101010011011101111010000001111001101011001101111101100
1001010001011001110101111001110101101111111001101011000110111000101010000110101111101001001001010100001011010010001111011110010010110100111000100011010100110110111110000110110110000
