010011011000000000001101111101111011000110101101001101010101010001110100100101101010111111110101111100111110000010010111101101101101001001001000101000111001001100000010001101101101110111100010000100000111010000100001111100111
100011111100101111010101111010011101011001101111101101100010111111001000111100011001000110100001010011111000110001101101001011001001101010111001100001010101010110101111010100111001001101000110100111011000110111000101110100101
000001001110101011011001010010110000100011001101011111001001110011010011011010011011000100100111100100101001011010000001011010010110010001111110010111011110011101010110111011001011011010011000010011110110011101100110001000101
000000011000100110100100001110111001011110001110101011100100011100111100100100011010010110001100110110111010101011100110100011000101101110101100000001010110111101100101101101000011101100001111001010101111000001010111000111110
110000100100110100101000110010110011101001010110010010011110100101101011010000101011001101111000110101001001001100000001010111101110110100110010111011100001101110111001011010101011010011001011111100000001000001110110110011000
111000100001001011011010101111000100000101100000010001101001111101000000101101010000111110000001001000011111010101111100001011100000101111100111110110000011011101001100011011001000100100010000100001010110110111000101100111110
010011000111111100111010100010010011110001000011000001100000001010010110010101100000100001100100110110101010010001010000000111011011111100111111000110111010110001101000101110111010010101011111010000101011110010011001001110010
110100001001111110000001100011111100010010000100000110110010100110110000111100010110001110010111111010011001000110011011111111011100101111100001000001001011101100010010000111000100001110000001110111110101000100101000101011100
111100010101010111100100000011101000000100100010110010001100101010111000101100010001101000101001100000111001101010101100101000001101001000110001111001001000100110100100110000000110011000101010111110100111110011001110001011000
011010101011000001000001000111110110000110110000010000011110000001101000001100111001010010101001001101011101100100010100011111101110100101111010000011110000100110000010001111100111101101100111101010101101100101110011100000001
001000100100111011001100001010010010100000000101101101010110111011000000011101111100010101100111101110010101000100011100110000111111110001100000101010000110110100111001101110100101011111010100101000011000010011011000100000111
000001111100010101101011100100100010101000000010110100110001100001011011011101100010000111011100010011101011001001001010010011001001011110111010110010110011100010000100010000011111101010011101001001100111001111111011001100110
011110110010010011001000100001110101000100011011000000111101100001010001110000100111111001111001110100111001110111100100011011111010000110011001011110001001100000001011011011001010110001110000110110001111101000001000101101101
000010111011100100101110110100100000100000111001010110110010100011001111011000001111001001100101001111101010110011010101110110100101011001100101010001000100101100110101111000011010011110000001111100101010110000100001110011011
011001110010000010101101001011000101011011110011000101011100110010001000001000001011000101111100001000001000001001111011110101101000000100101011011001110011110000001101011100010000000110101100010100011101101111100010001110011
010110111001010000101000100010100010000101010000101010110001101010110110000101111100001000111111110100100010000001010001100000011101100000101001000110100111100101100110111011110101111111101010011011010010101001010111111100010
011101011010101000001110100110110010001011101111110001100001001010010110001011010101010110101000010001100110010100101000011011100101011101010101010111101000101010110100001101101110111101101100111111101111010101101011100010100
011001001111100000001110001110100110000111110000001111001101001000011011100100001111110000011010010101011100001111100100010100001010101000100010111010011100010111011111101101010011111010000001110110010110001111101100011011011
000110101001011100011010100011110111100110110101110101000110010000001100111110110111001100100111000100010001110110110011110001001110110001011110100110111110111110001000100111001100000111101000101000000101011001000001100110011
011001100000000000100010010000111111110101011010101111000010100000010100010010111001110111110000010111001100011110000100001101010010101100110100010011011101110001111100100011101010101111110000001010110100010100011101100100000
101011100011111111100000010010000101011010100010111010000000000011110011011100010111111010100100101000100111111110010111101001001000011101110001001010010110101000001101111001011010011101100110100011100101010111110100110101111
110100001010011011000001111110101011010001001010111111100100010000100011110100010001010111011111100001001100010101100100101110000011011110111000000110100100110001001010011111101001100101000101101101000100001001010010101000101
000001100001010011110000001110010011100110111011101100110001100010100010001110110111001100000110110100010011101001001111010101000000011101101111000111011111100101001111001001110100101011101111100110100001010001100011100110101
111000010101001000000100101111001110111101111011100111110000011010000110010110101110101000100001101100110111110000100101111011110011100001011000010110011011100001100001000110001011101110011100111010001100111100011000100000011
110011110001110110100101010011011011100101010101110101010000000010111010110010111000110000111000101100010000100100000000011011011000001111000011001101000101001110000001111100011101111100111001001110100001101110011011110011101
111010000000010000011100100010111100110100111100000000001000100111010001010100111011010000110111100010100100111000011011011100101100011101101110000110001110000110010111101001010101010111100100011010010101011100110000011010011
110101000010001001000111000001010000011111000000101101101010110010101110010111010010011000001110011100111011001110111011110100000010011100111111000111111010100001001011000100110000000110110100001000010011011100110111001011010
100101000101010011000111000010100001001110100010101010101111100010111110101001101111110011110101100110001101010101111100000010011010100100110001001111001110000100101011001010011010101111000111010101010111100100110110011001011
011111111110001111101111110101100101110001111100011011110110101011011001000100100100001111000001100110001101010010011011000101001010101001111110100100001100001000101010110001000101111011000111010011011100000010000100001000111
100001011100101000100001101010011010011011010111101001000001010011000011110010001011101100011001010110110011110111100000111010111101111110101001111000111100011101010011000010111100100111110001110101011101000101110110111110011
101110011101110111110100010110000100010100101010011110001111001000101110011111001011000100010000111011001111010011011001000101110111011101110001101001101001100100101011100010011010001110000010000001000010111101101011110000111
111110110110100010110010111001000101100011001110111011011010010100010000111011010100111101110001011110100101110001100010111110011111011110101010101000101110100000000100110101010100111110011000100111000111010001100001011100110
110100011000000000010101110001000100101001111010111011010111011110010011100111100010100010101010001001111000110111001010100100100010110001110011110001011111011000110001010110111111010011011100000110110000100001111001110010100
010001010100101001111001010010111010101110101100010101001001001000010101001100110101011100000000111001011000011100100101111010101110000010000101100110011000101111111111110110001100101001101000001101100111110000100110101010001
100010100111000111110111100001000101101110111001011110000001111111110000010101011111101011111111010011010010011010001100010101000011001110011000100000111100011101010111000100110011100010001001110001100101000111111010101010010
110110100000101000111110100110010010010001010110010100000111010001101100001010101000011100000000001001101111100001001110010000011000111110111000010101011101100101001001000010010100010000101101001110110101000010011111100100111
001010100011010000110011110010011110001001011011101010110101010101001010001111111111000000101001011000000111110001001001111100010100001000110011100110000111111001001100011000001101111010000110101000011110111100011001010001111
010100110000001000011101011011100001000110001110110101100101001110101000100011010001101000000101101001000101010100111111011100101011000110011111000001011001111100001000110001000100101010010000011000010101001011100101111100001
010110000001001010001001001101001110100001010100111011011010001011111110001111001110111001001110010001110110100001000110000011100100110101000001001100011111000100100011011101000111100011101001101011000110001010111111011111100
100101001100100101110011111100100110010001111111101010111111000010010111001101011101011010000110010001101011001101101111011000010011000010000011010111000001111010101100110000011011110100010000001111111010011100100001001110000
101100010100001011101010001101010110010001011110101110001110111110011110011101101001111011101011001100101001101011101101000001110110101111110011000011001010101110100011110010111001111101110001111111101010101101010101100000000
011011100000001111010101101011011001101110011101010011110100110110101010010011001110100111110001010000010000000100111011000001101101100001111111101100010111100001010100011001010111111100011000110011110101110011110111000000010
110001001100011011101011010110101110000100010000001110101100011111101100111111011110111000000011110111001010111110011111100101100110110110000010110001011000000011000011010000100011111001111001011011000101000001100101101101101
000010000100111101110011110011001011101111101001101110100110011111101011110110100010000001001000101100100101011001000001011101111110011110110001000011111100010001000111000010011000001001111001101110000111100100110010100000100
111100000000110010010111010010111110110111010111000000111010111011100001010000011100101011000111001010101000111111001000011111000100110001100011010010000101001101010001100010100110011110111001101111110100110000111111011110000
111110010010000010100000110011010101011111001001010100001101010110001110010000010010001110010010110011111011000010001010110010011100110011100000101111001011000111101110110101101011100000011100011011010111110010000010101111001
010110101001101010011111000101111001110110001000011011010000011001111011111110011001111111100101010001011110011011110111100110111110000010000100000000101101001001011110101001111100100001001110010101111101110111101011110010001
111000100010111010100011100001000010100101011100101011110000110010100101000001001100011010010000111101111110101110010011100111111100000001101001110111100010010010100010110101010111001100001000010110111011100100111111011101111
010100001011000110111111101101011000111110010001010111010001101010111011100101001100101101100000000001101000010011111101110101010010100100110000000111101000010100110010101110011110111100001010100011110000101111000011000010110
001011001101010010101100100010111111011001000110100000101001101111001101111110011001000101011111001100111011010110000011111111000111011110111011000001100001001111010101000111100001001011110110100011110010011111010001001101110
111100000010000101011110001111111010101110110011000000110010010100010111100001101110100010000111100011001101100011010000010111111100010001100000011000101011111100100100010010010100100001111101100111110101111000110111000111011
111000010011011001110111101000100111010010110100100000000010111010000101010010101010000000011111111011110100001000111110001000100010000101101110001011001111100110011101100111101010111100011101110111001110111010011001111101110
001110011000010101011101000110111010101111110011100000110110101111101000001000001101110111000111101101010000101010011100111101110011100101101011111100010011010100001011000110110100000111000001100110000001001101101001001101100
111101100010001011110101101011011100011001000011100000001100000010011110110100111110110010101101000010010101011000101100011110100000000110000010111100111011011011101100101101001001000100100011101010011101111000010000010000100
010101110001110110000111001110000000110101111001011010010001110100000011111100100011011101110010000001001111111111000011011110001100010001111110011100100010100111001010110001001100011011010001000010000001111001011110011101000
100010010111111100000011100010011000101101001011101010100001101110101110110100101010000000001110101101100001000110111001100101101001110000110110001110010101100001110101101110001101111101010001001101110101100111000111111110010
001011001100101001000000011100110100001110101100010001000101011001101110111001101111000111101001110110010000000100110101110110100001010111010111101001011110100000111010001110100001101000010111010101111001001110000000110101010
100110001110101001100100000110101001110111110100000011001011011001001101001111011010100101010101100101001101000101100110000110111000011100101011001011011000010110000101001100010101001101000100000000101101010011001001011000110
010010010110010000110000001110111001001110011000001110000100000011101011011011101100110101101111101111100000000111010001001011110110111110010010100100110000001011100011111111010001100010110011011100100010100010001000011000011
101001000001100111000010000101101111110100000100110000111100100000100011110000101100101001010011111111111110100000001101101110010110010010101001011110101110111100000010101010000110100100010110001010000110110010001111101101101
011011011011111100010010011110000010000011001001110110110001000011110111011111101010101110010000001110000011000111111110111111010000111101100100010111011100101110001111100000000101111110011110110010000010011111100101000011100
111101000010001000100101001001011011100011111111001100101100001101000101000001011010100101010000111001110001101011011000011011010111010101011000101100110010111011011011111000101101000110111111110001101010100001010000111110010
010101101010000111000001000010101110011010111010110110011100010010000110100001110111011100000110001011111100000101010010001010100101001000001100101110110111011000001110100100101101011101110010111100010111000111100000011001001
010111010000000000000000010000011010110011110100011010110000010011110000010110111110100010100000101111101111011010101011011100011010001011101111100011000100001011111110110110000110001100001001100101111111010101110001011100011
011000111010011110001011111111001010011111111101110111010010101101000001110011110100111110010010110001100111001100010011000011101110010011010001111001010011000000110111010001101001101011101100101100111101101110110000001001001
111011000111110000001000010011000011101000111010010010001110110110010000000110000100000100011001011100010101011110001001110101010111110011011101101001010000101100011000110001100110010100010110011100000100110000100010001011100
100110011100000100001110101100100011011001111011100010011011100100001010111111001100110010101101100111000100000000111010000101111000101100110010001010001110100010110110110111111001100100011010100100000101000111100001010000110
101100111001100111011000110110011110001110000010101001000000100101000100011100000111000000110011110011011111001010101101100100111110011110010100010110100110001011111111010011011010000111011111101100111001100001111110010001000
010110001101011001100000101110100001111011110110110011011110000000100001100100101001011011010111111100010000111011010100111011000000111110111100101101001100101010011101011001110100110100000111001010101000000111000110011010000
100100100000010110110001001100100101001110100101011101011100111000010010111011110110100111110000111000010111001011111100111000111101110011000000101010100001100110100101011101110101010001110111000100110011110000101111111001110
001010100001010111001111101101101000101111010110101001111011101000100101010111001111011100001000100000110111100000010010101001110011011011110000000100100010110001110111111010101100001001010110000100101010001110110011011101101
001010000001110001001100010011001100000100011011111100100111110010001010111100011001100000111110011010101001001111010110011000111111001110101010001111110001101000011100000000010101001111100100011011001011010000001011011110000
110101011000100001100100100101011000010000110010111001111001001010101101000111001010100110011111100111010101011100100101000111111010110000010011111011001000101001111001010001011010010110111111011111100010010110000001110100010
011010110011110000111101111001110010000011111110010101111011100110110111000011000100011100010000010100110010011000010001011001000100110011110111100011001111010110011001111011101111111110111001110100100010101000111011111100111
011001011111011010101010000100110101101110100010010010101110100000110101000011110001011000100010000100011000010001110011111100111110000011101110011011111111010001000001000000010010110010101101101010111110100110111010100000111
110101111111000101101111011010101110101110110010110001110100100101111011100000101001111111011001010100001110000110000001001110000101111101110101011001010111101001000001000001100111001111001100100100101001101100010111011111000
001000000000000010110011101001111001111001110010010100000110100111100110111000111110001011001111110110100011000011001100110010001001001000010010100001001000010010010111010111010111110111110110000110111111101001101110101000101
100001100011000110000000001100111010111111100001101000001110111010100110111000101000111101111011100010011010111010010101111011010010001101011010111110001010010111001010000001110000000010011100011111001101100100111010000000000
100010100111100100110011110110001101100010010000001101111011101110001100001111001000010110010001110011111001001001100111100111001001111001011100101100100100100111011011000000010000110100000010101100110101000111010000010110110
011101011110000110111110111000010110110100101110010001000100011110000101001010000010111111101011000000110100011000001001100011100100101110100001100100011000001110101011111011000010111001101011110011111100100010100010000101011
111110000110011101010001110101100011101111101011111111011111110100101011100111100000110011010011101111000011011000101000110100011100000001100101000110111011000101111100010110001101100010001001011000001001000010111011000000111
000000010010110111101011000110010110101101101001101011001011001111110110010010000011101001110111011111000110010000011010111100100011001111100010001001000011001000010101011000110001101001111000100100010000111010010110101100111
101110010001111001101011011101101010101001110100001101111100111100010110100010010101110100010011010101101110110010011111010011001011100000010001110011011100010110001100111000000111110010000000110100111110001001001101010111110
011010001100111011111110010101100110110110000010010010101000001000011011001100000110011110101001001000111001110000111110010000111001000001100001111111000101010110010111111101010111000011111110101000011000101001010111110100001
100001101000100001011001100101011010011011101010101011000111110110100101100101011110001010100010011011111001011110101011000011110011110100001000000001010000111001010000000001110110111000111010101000011100101110001111101000010
100101000110100011011100111100010101001110100011000011100010001010101010011101111011001011001110101011010101110001010011101101011011111111101011001100111010010000110010011001000101011000001111101001100000011000010110010101011
100011011000110100101011001011010111011110101111100000100001101010001010011111010101110111100001111001111101000000001011000111001111001001001001001010101010101101101100101011001011001010111001000100011011111101110111000100110
111111010011001010110110000011110101000001000110110010101110111011000110110101110011001001111111001101101011011110010110100100100011001110010101010110011100001111001001100001001111101111101100001100001010010101010111010100000
110101010101000010011100000110001010000111001111001011001000100110101100100110111001111001111000111001111001100101000001111011111111101010110101000110000100010111110100100001001011001010110111100000000100011111110101111010111
100010100011111000010100000110010010001011011010110010101111010000001100000111011100011110100010010111000101101111101100100010111111000101011100100011110001111110110111000011001011001010110101001010010111100010001101100111000
111010101110111110111001110100011010100011000010100001101010000100110101001001010101101111000111101011111000101010000001001000110000100000110001111101111001010111011010011000010100111100000011011001100010110000011011001101010
100010010001101101010100110101110010000001000101010100100101110011011101110101101110000110000010111010001101011011000100001110011011001000110111000110110001000100101000100110000111010111101110001110101010100000101000101001100
000110001101101111000100101001001010101010010000010101011010000001100011100111010001010110000101111110110111000011110000110100010110010010000000010101100101110110111010001010001010000101010100101010011001111100110111010001000
101100110011011100101110011100000010011100001010011111010110001000101001100010000100010100101000110111010000001011100001000111011111101001111001111011111111100000011100010010101101100001101110111001011001011101011000010111111
001000010010000101100110011000001010001110101100011110110011001010011001101011011110110101110001001110001011011011111000100111000010100101010001011000111110110101001101001001011000010011110101011011110011100110110000111001110
111001011110110100100101010111010010110011101010011111001111000001111000100111111111001100101010010101100011100101111010010000111110001110011100110000110100101110101101100111110001111000001100101000110001101000111011111010100
101110111010100100001111110110100100010000110101001110011111010110111110100011101000011010111100000000100010001001111111011000001111000100011110011111011000001100001101101000000111000000101000101101111011011011000000011111110
110110110001100111010010001001110110101101100111000100001001010011011101010110100110101011011101001101101011111011001100010011111010100001111000001010000001111000111111110010100101111010000110011111101110100011101000010000011
100001010110011000001001101000111101110010011001010110010011111101001101000000001101111110111010010101011000111000110111110000011100101101011010100111100101101011101000110111011100001111110001101011111100000110010110100001101
101110100110110101110011101111010000000010110001010010011111100101101000111110001110000101001111011011011010000010000000111010000001100111101000011110101110111001010111111110100110000000100010111100000110000101010011000111000
010100110011010000010000010111110010000000101100001101001011101100110001100011101100110001111110000100010111111101101101100110111110101101100110010010111010110111011011010010110011000001101101010001100001001011111110100010110
010010000101010011010100000000101111011100100111101110110111011110110000100000101110111111100101011100101000000001010110110111011000100111001101000101100011000010100101011101000110000111011001100101101110000011011110011101111
111100101001110110001001011001011001001110011101110100010011011110000011010010110011101110101001110001011011001111111010001101010101000111001111111101011100010101010000011100100001110100001110111010101011000100100100001101110
110101011110100001100011101001001110001001000111010111001001011001011110111001110001111010101100001110100000010001000110101011010110001000000010001000001001101101001100000101100110011111010011110010100000011010000010010010111
111111111101111001010100001110101101000110101111111000100101001100010001001101100011101110110010011101100101001101111100010100001000011111001010011001001001111001110110011100110000100101100111100101000110111001110010101010100
100001000110000011011101010110110001111000010011001101100101001111110110100100010110011001011000000010001000100010110011000011110110100101111110000011111101101101100011001100111101110110010101010000110011011001100101001010001
100101100001010110001011001001100011101100100111010000100001100110010110010111001110000100001011110110100001000100000110110100000000100110000100010000000101110100101010011111100011011011000101100100001011011100010101011110110
001011011111100000101011001111110001110110010100011001110100110111010111100010101001111111011011010010101010111111011000111100010101011010111010010010000111010111101010011001110110101110000110010001110011010000001101111110101
010100001100110000101011110001011001101010101001001010100001010000001010000001000011010011100001011010000101011001110101000110101101100001000010110010001110111010111101110001101011000011111100111001001111110111011100011010010
011001100000110010111101010111111110110000111010110001100000000101001000111001011111110100010010011010010001101011100101110111011001001001011100011001110001011101001111001101110111001001010100000010111101001011010111001101001
001110001001001001011010011000000110000110111011000111100000010111011101110001111000100101110110111010101001110010000011001011011100110110101011001010111000101000010110101100101111100111001000101111000001010110101100000011010
000011010110100011111100101101001100010101101001010000111110101011000001100100000000100111000001000010101011000000000000110000011100010011000111101111101111000010100100110111110011000100100111010111001000111110010001111011000
101100011000110001111000001011101010000010101111111010110010110101011101000111000010100101111110010100100101011001000010110101000101101011111110111010110001000111011000110110101110001010101000101101011100110000010101111010111
010101100001111101000110000101111001101110011010101000100110111000001101001010100000010011011111110011111001110010100100001100010011001100001010000001010101000100000010111001001111001111010001100100001101101101000001011100110
010101001000101011100101001101010100010111000010100101011100100100110100101000101001100001001111101010101100110001010111011011100110110010101111010100011110111010101100000110110011110110101000101001101001000000010101000010000
100001110110011100101000011110100000010001100011101110011010111010101111011001000111010100001011101001101101100000100101010000111001111000011001000011100101011100011100001110001100100010010101011011111101001111110011110011000
010001011011001010000010011110101011110111101100100111010001110101110100000010011111101001000011110010101001000000000100011100001100001111000011111000110001011101001010110100100001100000110001001000000111110000011111011001010
110101001110110001011111000100000111011110100010100111001101100000011101100011100011000101010000111011011010110001111011100110010011110011100111100000101011001000010110100101101110100000111001100100000101100101101100110011111
100100010001001000101010011010011001011101100111010100100100101110100011001000100111111100000001101001110110001010100101010101100111101100001111001010100001110010010101110001111010011100001111111001101101001111011001000101110
111010010000011100101011011010100100110111110011110000111011000111010000111101110010111010100100101010000100111000110110001010100101001110101111001101101100000101010110001100101111111010100011011010011001110010000111101101110
100100011010011100101101001001011100100000100111110010011001100001011110001011111100010111001010001111010011010110000100001000100110110110010100110101101110110101111100100100100001111101000010100000110010001101000010001101111
001010010111111011100011111001010111110100011100111011101000110101001101011011001111000010001001111101001011010110111010001100101111100110110010110000011011010010100001000011011000111001100100011011101010111011100100010101111
111001011100100010011101110001010100110100011000010111100011111100001111011101000100010010110000100100110001001001101001110011101100011000011000000111111101101001010110110111001101100001011001010001111010000011110110110010100
100010110100011001010110011010111010110000111011111011111101100101110000101100101100011100011110000011101011110011001110010001111010000011100110000101011101101010100011011101010001001011101100001111000001100111100000101011010
011111110101110010000101100101010100001000001111011001101111111010001000100111110010101011010110010111010100111000100101001001100011110010110010001011001010010001001000101111001010000010101000000000100100010101111110011111101
110111110101101010111011100010100010001011111001111010010010110011101010110001110010111010000110010001110100011010100010001110101010011000010110101110001100011111000101000010010011110100010001000101000110101100011011011011110
100011000110111010000001010001101100011011110011001111011110001010110111101000010101100111100001010010000100100000110011111111001110110100111101000100000101000100101111010100011101001101101101010001011111010001011000000111000
001000110010100100010001100101110001100110010111101010000111110101110111101001001001110011111101011011110101011101010100000100000011010101100110000010100100111000000111001110101101010110111111111111111010001000100000001000101
110010111111101101101000110111010101010001010111001000110100000110110101101010101011011011010101111011001000111100011000011101100100000010010111010010101001101000000011011001001100110011110011111000100000101100010001101101011
101110011110010110100000010001110100101011111111011000100011011011010101011100011000001011001101101010110101101110101011111000101001100110000100110100010001110000001000100010001101010111110100001010110010110011011011011001101
001010100110100001110101001110111110010110110010110110000011010111010011101001000110111111011111110010010100000001100110110111110001001111110010010110110110101100000101010110101010110101111011100011100000101111011111000001111
110100101011010110000101000001110010010101000000010010011000011001000111000110100111111111010100100100100001110011010111010010010110101010101001010001101110111000100000101110010101100001010110111101001111100110000010000011100
010111110110000101110001000111001001001011101100100010010010100001101100110100110010110010100110011111000110101010110110110010100101000100010011001110010011101100110011111011110000010010000111100000001000101010110101111100110
001010100011010010101110011001111001001000111100011000111111110011011110110100100000110000001000000000001001001100110100101011110000000001000011111000110001010110110011100100111110110100111110110111001011010000110101001001101
110101111001010011011110111011110011100010010000010000000110101100111011000111110100011110010101001010011001010011011011001001000011000001110000111000101100001011010011010000000001011000100110101001110111101110111011010010101
000111110101101010011110111101110011011010110000110111001110110000111001000101010100110101000011101111101110001001001011110000110110100001011100010011111101000110101100100000101011001110000000100010011011000100111001010110010
010101010001100000000100100001010111010110110110010001001011000111011111011000010100010110001001000101101011001110101101110110001111000000100100111110111011111010101010100011011010110110011011101001001011000100001010110111111
101001010110010010101011110010101000001011001101001110101000110111000110011101101101011001000110011111101100110110001100000100010010011100000110101011010011000011111000100000100001100111001111001000101001110110001101000100111
011111111111011101011110011111111001100011011101111110110101100100101011011100011101010010110100010110000101001010100101010110110011001010000100110110101000100110010001100000000101110000100110011110110101101000100010000011001
011010101101100010111101001110101011110011010000110000111010010011111010110111100010000111110111111000000101010010010000111011101010101100000000001100101000010011011010011110111011010001110011101111010100010101001110111001011
111100100101101100100111011011010011010001000001010110100101011101001001001001100000111001000101111101101101011011110011001000100001000100000100111001011101011100101010001010100010000001000110001101001011100001010100010111001
001101100000010010110010011010000100010001000010000100111000101101011000011100101000000111010001100011100110010110100111100101111100000111101011111001101110110001010010001001100001000111101111000100011100110010001101101110110
001011100101001001100010111010011000110111101000010111111110000100100001111011000100010000010000101010111101101111101111010111011010110001000101111001010110011010101101101100111111100101011111111100111111011101101010100111010
010001111000111110001010101101101100111111011001010010001101000111000000110100011011011110110110000001100000001100111111000000101001110000000110100100100101011100101010011001101011011000110000111001101101010010100000111101110
110011001011000001100000000011111110100001100101000011001010011111001100110011110011000001100101001000100000100110001100110001000100011011101111011110100111110011011011111011101001000101100101110010110110010010010101000010000
001011001001111011010001000001001001000100101001001011100001100010010000101101000011000100101111100110101011110010101000110000001111011110101110101000101001000011100111111101111000000000111010010001110111101010101001010100111
100010001010101001001000100101110000001001000100001111111101011011101101101101100101011000100110110100111000011110001011000011000000111011011110110011000000000011100000011010110001101010011011110011100101011010011101001100110
001001100000100110100111111110000101101101000101100011110011111000011011000001111001010110111000101101100000000100100001101101100110100010110001100001110110100101001000110001011010110011100101001001111101011000100111111111001
001011100111100111111111011100000100100110011101100100010101101100110101111001001011001111010100111110000101101110010010001011011010100111100000101000100101001100100101011000001100000010000010010000010111011000110011000100110
011110011100011010010010101100101001010110110101110100001100100111001001111110000111100001101100101001101100010101010001101110000001000101001110001100000101101011010101011101101010100010011011101111100001101111110101101000111
100010100101001110100100001001110010000000010011111001100011011000010111001000101000011001111111001111000100011110011111101000011011011110110101110110000110001011000101101100010000000100101001010001101000010000110100101110001
111100100101001001111011001001001111011001110000000011011110111011000001001100011010110101110111100010100100011011101000011100000110110111001010000100001111000001100001111111011100101010000100011100100010111001110111100011010
101000111000100011110011011111111111011010110110101101001101100000101000111011011010011100100110100110111100101100100101111111001001001110111100010000010010001110010110010011110000000000011100111101011001000001001010100001011
011100000010010101111110110111011011101001011010000100011001101100111000011100100011000110001111001100100111100101110001101101110011001100001111100111110000010011101010111010001011011011101101000101100100100011011000011010001
001101110011001100101011011100011000101011000101001111101001011010110010011101001100011000000110000111000001100100100100110010000011100011000110100100111000100111101001111101101001110111110010000110000000101010001000100001000
110011010001101100010011100000101001111101001110011111010000001010000101011100001101000001111100011001011111010111011110011100101100110111001001110011010000110111110101000010001001101110011010101010000010011100001010110011011
000110111111111110111111001000110101110111000000001100111001110001101111100100100000101001001111011110011110101000100010101100011111100010100100100101000011010010111011011010001011011100011001000011111010010001101010111111000
011101100010001001110100000001001010110100010001101011000101011000000010011011000011110011101010010110101011110000111010110011010101010010011111100000000101101010111001101010101110100100001100001001111101101100011010010110110
101111010000010010101000100011001110110110001010011001000011111101011001100100010100101101000001111100011100111000111100001101011011101010001011000011101000010101100100111011111110111001011100011001100100010001110110110000000
111111011110010101100010110101100111011010001100111110100101100001000100010001111011001111111011100010110111010011011001100001100010110100101001000110001011001000111101011100001101010100100001000110101111111100100000110010100
010010001101000011100000110000000100000110100101010101100110110100111100010011110011000111101001001011000001100110100010010101000000011111110010111001101111110001101111111111101011101101000110000101110110000111001100101100101
001101100000000101010111001001000111100001111110010001110010010100010010101101101000101110100010001110111101010010001001101011000000001001010100111101110111001010110011111100111110111010010010111011100000101110010100100010110
010110101010010110010001000110101100001110000101101001011010000110110110100000011000011011011001011001001111100100100000110100100001110111001011011010010111111111011001101100001111111011111100111100100000010010110101001011101
001010010010010011010000010001001110000001001010110100011000010111111011110010101101110011101100010110101000101010010111101000000000111001110100100001001001110101100111011110110000100000110010011010110010001101101000110011101
010011100010101001111110001110100101110100000110000111101000111101011001110001111010001100111111111010010011110010111000100010100100000111011011100100000110110110100001010101010001111111110101001100101011000001000101100101011
011101001001011111011010010000010110100101010110011101010100101110111111000010001111001011000111110101011000111100110111101001110010000100000010010011101001001110010000000101111011011010110010010011110010001010000010111100010
111000010100100101000110011111100110001010110111100010101011111110110010000011110001010001101000010110001111011001001101001100111000111010011101110000001100100011010000111110110000001001100111010100100001000001011101101100111
010110000010111001001011111101101111001010111000010110010110110010011110111110110101000101000011110111000100110000000010010101111010111000100010110011110011110111111000001101110000001000100101011010100011001001011000101001101
001100101010010101111000110010110100010110001111100101110011111101100010010000010011001110010001111100000000101111001110101010000101110111100010110100110110011011100010000111010111001011000000110100010011101010010101001010100
011011001001111100001100100010011100111111100101001000100010010111111110110010011111010000100100011111101011100111001010001100101010101000010001111111011110101111011010001110000001110101011100010000010000001111110100011001011
101111100110111111001110110100000000101001000010100001011111010000001110010000010111011000101010100101101111011001010001000110011001100000011111111011110110111111110011010110110000110001111000011001001011010110111010000010100
110100110110001011100101101000011110001000000101110111011110001100100100000010001001000000010001001101111110011110111101101110110011010000010010010001110010000111111111111010000111001101110000110000000000100001111001110111011
001011110110100100110101000101101101000010011000111110011011000100110010010010011000001001011101011110000010000110110000011011010111100010011000101000011101111010010010111100011101110001100101010011001010001100111111100011000
101101010100100111111110010010010000011001000111010101100010000011111100110111010001111111000011001001010011110101000110011110001000100010000101110101011010001010001101100000011101111111100111101000110011101010111010011110000
110010100110000110010110001001001010000010101110010110001000011011101110010101000100100000000101010110111111111110101111100000010010110101011111111001001010011011010111001000001011000001111001101111010110011101010000011110001
010000100001011101001010111101111011000111010011101010000110000000111101101011100101100000100011001010001101010100100010010101100001110010010010011100111000001001011111101011000011110010101011000111010100011101010111110110010
111011100001110010111101100101101100100110010110100101110000011010110010110000001000001111001110001000000100101011010111011010111110010110010011110111010111111111100100000011100110110000111111110011001110100110010000000010011
100000011111000110100010110011011101111001001011101010110101111101001111010110001011110100110100111101010101011011010101001000111101010000100010000010010000011101100000100111001011010100100011110010100000011101101100010111110
001110101101110011011001000100101010001101101101100100000001000101010000111110010011101111011000100111010011111111100111000011000010010110011011000101000100111011100100100100111101010110011010101100011011011110000010110100101
111110000111000101000101110010001010101111100101010001011110111010100101010110001111011111010101110010100110111101101001101101110101001101110111101000000111100110101100110111110110001000011000001101101100011001101111111101111
100101000101100111010111100111010110111111100110101100011011100010101000011010111110100100100101010000101101001000111101111001001011010011100010001101010011011011111000011011011000000001000110100101010100111010100010100010100
101010101010110111001000110010011001100111101000100100110000101001001100111010110010110000110011010000110110000000100011110001011110111010110001000100000110101101101100011011011110001101101010100101111011011101111101111011011
011100011111010111011011100110110100110011111001110100111100101110000011010100010100111111100001011000010011010011000011110100100000001100000001001000010101101011101111100101000001010001001111010110010100100010111100010100100
110101110110011110111101111101110000000111001001100111010101111101111001110110100000000100111000001001111101001101100010100001110110010111000110100000100011110110001000010101000110010000101110010111100001001000000010101111011
101010010011011101110011011111111010111000001000010010100010110010010001111111001011001111010010011001010111101011110001000110011100100111000100001111010111000001101100100001010010000000000001111100111100001101110011100001101
110010100110100110111110010111001100001010110010011010110100001010010111000110010101000100011110001011011010111001000000111100101111000001011110100100000110001010101010111111100000111000010001011001000011001111011110110110100
100000001100101110111010111001000101001010111000011001000010011010000101111010010101101111010110101110001000100110101101010110111110011000110101110100100110000100111111001111111100010100001010011011011011100101110100001100010
001001100011100000010001101001011000010111111100011100111011111001110110110011000101101011001010001001010100110001011100001001011111010010010011011001001011101001111100011100101011000001000010000011100000110110000001011101110
001110101001001110100011100000011111001001111111101100000000110110110000111101011101111100010101100011100000101010100110001110110010010011000110011001101101111000100000011000111011011100100110011000011111001111101111101000011
010100100111001010001111011110001001100000000110011100001101110011011111101111000001010111011111010010101111110100010010010100110101111001101110100100011100011010101011010011001000101100001001011011011000101110001010001011100
110110101100000100001010000110100000100000000010110001001011111001111110100010110001110010110100010100111001000100000011100000011011111011111110011011000011000011010110000001011110111100111000111011000111100001011101101001101
000110110101010001000110100111000011001010111000001111111010010100011100111000011000011011100010001011011110000101011111001001111010100011010110101101100100100100001011000011111100001011000100001011101111011010101100110111010
010011011110110011101111000001010010101011011000111111000000111110110000011100110111110010001101101101111010101011100110100000011011111110010011101001001001000001100000100101101110110010000010001001001110111010000100010110101
001010111000111111000001010111000010010011100111000100001010111001000001110001011010000000100110010110110101100100010011011000111001010000100011111010111000001001110111111110001100001111101110000111101100100011001111100010101
000110001111010110110101111000000101111110111100000001010011001011011001101001101001110101111111111100100000101010111011010100011101001011111011000101011001011001111001001001100011000011101111100000001010100111111010010101111
110010011000111011000110100101011101000110011011001110011010001111110110110111100110001100010000110101001010001111000100000101010001010000111110000001011110000110101010100000110011111110000000010010001000100111110001011110101
011100011100100111011011110010011001001111111101111111100001100000001001101011010000000001011010011000110000011100010001010100010110010100110000101001000011100101010101000010111100001100110111010100110110010111110011000111100
011001010001000110001100000111110110001111101110111100011000010100000001100001010000010000100110111011001001101110110010011101110011011010011001011101101100111011000100001010111001110101110111110000100001000010111101100111100
001100111101010010011010100000001111000111001011111000011110010110011110111110110010010000110011111011110101010000110010111010011110001001100011111101110100111111111111000001000101010110010001010011000100010000101111001011001
011001010010001101010000011111001001110101001111111001011000001110010100001010110111101001001111101000000101010010010001101000110100001100110110110110001000110010010100110001110010111010101100000010000110000000111111001010100
010100100110111010000001000011000000100110000011000101001100010110011011001111011011101100011100111001100010110111110011011000110001110111001111000100101000110100001000001010001011010010101101111100000101110100110110110111101
101101011101101011111101010111010111111001111110001101010101001111100000001011110010100011000000011101001000110011011110000011100001001000110111111110000100011110000000000000111001101010001011110010111011101111100001110110110
101101101001110111000000001100110100101110010101010100000011111100000111111010000010001101110010110101101111100000001000111001110101011110001010110010010001100110011101101011101010010001101011101010010101001001100011010100010
100110111101101010101010111101010111010001110111001011111100001110110101000111101000001001001111100010100111111001111111000100100001011111101011011111001000010100001011101001000010010101101011000001001110111011010111001010001
010001101100111100000001100100101100100011011111101101110011010011010100011111010101101001111011010000001000100111001101010101001111101001101100010001010110010101000000100101001000101000110110111100001101000000001010110100101
111001101010010010111011011000110100100101001110011101100101100101000101100000000100011110101100100000011111101110001001010010100100010001010111101110110001101100100000001000110111110000010001100010101001001101011100001111000
001000000001101101100101111000100000111110000000111111101000100010000010010110000111111010001101100010011110010101010010110001011010101000100010011111010011010101010101110011110111110111001101100000000111010101101000110011010
011001010101001011011001111101100010100110010011110010011000101110101010101101100000101110001110001100100010101101010110100111001011001111010010000001000001010111010000011010111110010011111100001110001100011011010100111011010
010001101011001001001000100010000011011001000110110100011111101010101010101000111100100011000010111011010000111100010011011100000111101001000101111001000110000011100100111001001010101001011101111111000101000101111011100111010
011111001111001111101110000001111010010011100010110010110100111100111000000010100011001110000100110111001100110001010110111110100110000000011010000001011100101010011011010100110101010011101010011110000111011110101100111100101
101010010101011011001010011101111110011101111011001010000000101111110110011011011000001010011011010010101100001000010100011110010000111100100011010111110000101100110000011111000101111010101001001111111110001011010100000111101
000110100111000100011101111101001011101011011001011101100000010110010010011101101101011110101111001111001010110110111010001011101110111100001000101011110100011001100011111111111000011011100010001111011001010110101111010000000
000000111011100011010001100000101011101000001011000110100111000000010101011011001010100001110101010011000001101000001110000011100110001111010110011000001111110010010011001111000101011001001111011001110000111011010110101101010
011111001000000101011000001111000101011011101001001000110001100000011100000110000111111111001000001011100111111010101101011010000010110001011100101101110000001011101010110010010101011001101011110001111001010101111000101111011
001110001101001110000110101101100111001001011111101000110001000001011111011111011101111100101001001111011000010000011001101011000111001010110010000110011001111000000100001011010011100111001100011010111011100010011000101101110
110101100101010110110010101000111001111111101011111110010101100100100111110100001011101111101001000100000111010111111011000001001110111101000100111111010000000000101010100110010001010010011010010111110111000010010000000000011
110011010110110110111111100001101111010010110110000100011001010000000100111010000101100011010011001010001001000110010101001100001000100010010111000101111011101111011111000110010011110111001011010001001100101111001110000111111
110010000000010101001000110101111000111000001011000101111110011100111111110100100011010110001111110001010011100111011100011011000100101110011001010100000101111100010100010101110111011001010001101100001110101101010000000001011
101000111001101101000100011111010110011100101101010110110111011111001111010110000100100010110011100001101111110111001001100111011100110000010101001101100100100010100111110001100001010100111110000100110001010101001110000001100
110101100001101100111010000001010001011100101101011110111001010100000011110100110111011101100100100101100011010001000011110010101000100111001111011110100000110010001110000101110111001101110001101111001110110011101110100011001
000111111000011011100010111001001110001100001110101000010000110001001001000100100010000011000101100110011111101110110100001111100001001110101110100100110101110101110000101111111100110101000101110111111101011110100100100101111
000111011000110001001000101100000000101000100101011110101001101011010110000100010010010001111110101101100000011100011111110111101111010010111011000100011011100000111001010110000101010110010111001011101000011110101110111110111
111101010011100010001110100010111001101000110001110111000101100001100110011010101110001010010111101011111011000011000111111011010111111011000101011011000000010111110011101000000111101011010110111111011100100001100010101011000
100101100011011101101001011111110011100001000001111100011110010100100100111000111110111010100110110011110010101011001111110101001010100111010111011011011001010001001110010100011101010100111001001000000110001110001111110011001
111000000110111001101111110111100101110000100111001000000011001110000010011010011101010010000100011001010101010010000100110010011110011011111000010101101101000010111011010100101011010110001010111100101001100001100101110111010
