010001001000111001110101010001111001001
101101110110111101111101000001111011100
010111001011110100100001001011000010111
011011101000011111000001101101011010001
001100110101010111010100011101101011111
111100111110100110001010101010110011011
010111000100011110100101111011110010111
010011000101000110000110001100111110010
101101000100110101100111101001011111010
010011111011000111100101010010111011000
011001000100000000101000011001011111111
001010010100011011110010001011000101001
111001001000000011100000011110111101000
111110101001000110000110110110001011101
110100100001000110011010010100000010010
011111111100011011001100000011101000110
000111110101111100101010001000111111011
110110001101100100100001010011100001111
111000101111100011011000111101111100110
110010000001001000101000000001111001101
010001000010001110110000111001110010110
110010111100010100000001101110010001101
000001011001011010000001111010001001010
111100101100000001000110101001100111000
000101101000010000101111010001000110010
100010100110111001101010101100101011111
001111111011100010101111010011111000010
000110010000111000100100010000110100010
001001100101110101000110001000001111000
111110101011000101111001101000010001111
110011110100100111111001011100011001000
110101111110100010111100001101100011000
110110011110110110110010011010100100111
000000011011100010100001100110001001010
011111111110011010001001110010010001101
110011001111110011010111010011110110001
011010100010010101111100010001001010010
001011111010001111101010111101001100100
101111100011010011010100010001001011000
