01000100100011100111010101000
10110111011011110111110100000
01011100101111010010000100101
01101110100001111100000110110
00110011010101011101010001110
11110011111010011000101010101
01011100010001111010010111101
01001100010100011000011000110
10110100010011010110011110100
01001111101100011110010101001
01100100010000000010100001100
00101001010001101111001000101
11100100100000001110000001111
11111010100100011000011011011
11010010000100011001101001010
01111111110001101100110000001
00011111010111110010101000100
11011000110110010010000101001
11100010111110001101100011110
11001000000100100010100000000
01000100001000111011000011100
11001011110001010000000110111
00000101100101101000000111101
11110010110000000100011010100
00010110100001000010111101000
10001010011011100110101010110
00111111101110001010111101001
00011001000011100010010001000
00100110010111010100011000100
