01000100100011100111010101000111100
10110111011011110111110100000111101
01011100101111010010000100101100001
01101110100001111100000110110101101
00110011010101011101010001110110101
11110011111010011000101010101011001
01011100010001111010010111101111001
01001100010100011000011000110011111
10110100010011010110011110100101111
01001111101100011110010101001011101
01100100010000000010100001100101111
00101001010001101111001000101100010
11100100100000001110000001111011110
11111010100100011000011011011000101
11010010000100011001101001010000001
01111111110001101100110000001110100
00011111010111110010101000100011111
11011000110110010010000101001110000
11100010111110001101100011110111110
11001000000100100010100000000111100
01000100001000111011000011100111001
11001011110001010000000110111001000
00000101100101101000000111101000100
11110010110000000100011010100110011
00010110100001000010111101000100011
10001010011011100110101010110010101
00111111101110001010111101001111100
00011001000011100010010001000011010
00100110010111010100011000100000111
11111010101100010111100110100001000
11001111010010011111100101110001100
11010111111010001011110000110110001
11011001111011011011001001101010010
00000001101110001010000110011000100
01111111111001101000100111001001000
