01000100100011100111010
10110111011011110111110
01011100101111010010000
01101110100001111100000
00110011010101011101010
11110011111010011000101
01011100010001111010010
01001100010100011000011
10110100010011010110011
01001111101100011110010
01100100010000000010100
00101001010001101111001
11100100100000001110000
11111010100100011000011
11010010000100011001101
01111111110001101100110
00011111010111110010101
11011000110110010010000
11100010111110001101100
11001000000100100010100
01000100001000111011000
11001011110001010000000
00000101100101101000000
